4/18/2023	7	9	15	19	25	4
4/14/2023	23	27	41	48	51	22
4/11/2023	31	35	53	54	55	24
4/7/2023	12	32	49	51	66	21
4/4/2023	1	37	45	62	64	4
3/31/2023	16	26	27	42	61	23
3/28/2023	2	3	18	32	68	24
3/24/2023	14	17	33	42	66	15
3/21/2023	1	21	25	27	40	11
3/17/2023	26	28	29	39	49	25
3/14/2023	1	7	23	38	55	2
3/10/2023	9	20	59	60	63	5
3/7/2023	15	22	25	28	69	21
3/3/2023	8	25	36	39	67	11
2/28/2023	14	16	40	52	59	13
2/24/2023	2	22	49	65	67	7
2/21/2023	2	15	30	36	63	24
2/17/2023	2	33	38	57	70	13
2/14/2023	23	24	35	40	43	1
2/10/2023	20	29	30	52	58	19
2/7/2023	9	15	46	55	57	4
2/3/2023	1	4	50	54	59	17
1/31/2023	7	9	18	29	39	13
1/27/2023	4	43	46	47	61	22
1/24/2023	33	41	47	50	62	20
1/20/2023	20	29	31	64	66	17
1/17/2023	2	12	18	24	39	18
1/13/2023	30	43	45	46	61	14
1/10/2023	7	13	14	15	18	9
1/6/2023	3	20	46	59	63	13
1/3/2023	25	29	33	41	44	18
12/30/2022	1	3	6	44	51	7
12/27/2022	9	13	36	59	61	11
12/23/2022	15	21	32	38	62	8
12/20/2022	3	4	33	36	52	17
12/16/2022	8	35	40	53	56	11
12/13/2022	14	22	48	58	68	6
12/9/2022	8	19	53	61	69	19
12/6/2022	15	16	19	28	47	13
12/2/2022	1	21	36	46	52	16
11/29/2022	20	23	37	46	52	6
11/25/2022	29	31	46	54	67	18
11/22/2022	13	23	24	25	43	2
11/18/2022	2	14	16	38	66	9
11/15/2022	6	19	28	46	61	18
11/11/2022	1	5	17	37	70	22
11/8/2022	5	13	29	38	59	23
11/4/2022	2	20	47	55	59	19
11/1/2022	5	9	15	16	17	25
10/28/2022	4	18	31	53	69	7
10/25/2022	21	30	35	45	66	21
10/21/2022	34	36	43	45	68	22
10/18/2022	1	15	20	44	67	23
10/14/2022	9	22	26	41	44	19
10/11/2022	3	7	11	13	38	1
10/7/2022	6	11	29	36	55	21
10/4/2022	15	18	25	33	38	25
9/30/2022	16	26	37	40	51	6
9/27/2022	8	14	24	43	51	9
9/23/2022	5	50	53	58	64	22
9/20/2022	9	21	28	30	52	10
9/16/2022	15	30	35	38	66	12
9/13/2022	14	25	38	59	64	21
9/9/2022	16	21	54	55	69	22
9/6/2022	6	17	46	59	68	2
9/2/2022	39	40	52	60	67	20
8/30/2022	2	38	55	57	65	17
8/26/2022	6	27	30	38	64	23
8/23/2022	3	5	47	48	67	7
8/19/2022	12	18	24	46	65	3
8/16/2022	33	35	41	45	51	1
8/12/2022	23	24	50	54	64	3
8/9/2022	1	8	10	25	32	13
8/5/2022	2	5	29	64	69	18
8/2/2022	10	14	25	37	63	14
7/29/2022	13	36	45	57	67	14
7/26/2022	7	29	60	63	66	15
7/22/2022	14	40	60	64	66	16
7/19/2022	2	31	32	37	70	25
7/15/2022	8	20	26	53	64	15
7/12/2022	4	7	10	45	64	12
7/8/2022	20	36	61	62	69	20
7/5/2022	27	31	50	51	61	21
7/1/2022	1	27	29	38	62	12
6/28/2022	7	12	21	43	55	11
6/24/2022	1	7	11	25	56	14
6/21/2022	8	13	18	32	42	20
6/17/2022	20	36	53	56	69	16
6/14/2022	30	37	38	42	58	22
6/10/2022	3	12	14	18	32	4
6/7/2022	4	34	40	41	53	3
6/3/2022	11	16	22	48	59	11
5/31/2022	6	15	41	63	64	24
5/27/2022	3	14	40	53	54	8
5/24/2022	3	5	6	63	68	25
5/20/2022	33	40	59	60	69	22
5/17/2022	7	21	24	41	65	24
5/13/2022	11	41	43	44	65	13
5/10/2022	15	19	20	61	70	9
5/6/2022	16	21	33	52	70	10
5/3/2022	15	19	27	35	57	17
4/29/2022	9	11	34	49	66	15
4/26/2022	5	7	19	46	69	2
4/22/2022	7	28	29	58	59	10
4/19/2022	2	9	33	47	53	24
4/15/2022	4	17	20	46	64	23
4/12/2022	2	8	14	20	31	17
4/8/2022	8	11	29	32	40	2
4/5/2022	22	43	60	63	64	18
4/1/2022	26	42	47	48	63	21
3/29/2022	7	22	36	45	47	12
3/25/2022	3	13	42	51	58	17
3/22/2022	8	15	21	27	61	8
3/18/2022	2	6	25	40	45	5
3/15/2022	9	14	28	59	60	24
3/11/2022	24	28	39	44	66	25
3/8/2022	7	18	38	58	64	24
3/4/2022	11	19	28	46	47	5
3/1/2022	18	22	38	39	50	18
2/25/2022	15	31	40	56	66	4
2/22/2022	6	17	22	57	62	3
2/18/2022	6	11	50	63	68	17
2/15/2022	2	4	15	21	63	19
2/11/2022	11	16	23	24	30	24
2/8/2022	1	17	20	52	54	2
2/4/2022	7	16	34	44	61	24
2/1/2022	11	24	38	62	66	1
1/28/2022	3	16	25	44	55	13
1/25/2022	3	12	38	53	58	13
1/21/2022	38	45	46	55	67	18
1/18/2022	4	19	39	42	52	9
1/14/2022	5	8	13	22	48	25
1/11/2022	2	3	19	52	58	16
1/7/2022	7	29	43	56	57	6
1/4/2022	4	6	16	21	22	1
12/31/2021	2	5	30	46	61	8
12/28/2021	3	5	8	31	38	4
12/24/2021	16	17	25	36	37	16
12/21/2021	25	31	58	64	67	24
12/17/2021	21	32	38	48	62	10
12/14/2021	33	35	44	55	69	20
12/10/2021	23	25	40	42	60	8
12/7/2021	1	7	40	43	68	1
12/3/2021	22	45	48	58	61	13
11/30/2021	7	8	26	30	39	17
11/26/2021	7	27	37	42	59	2
11/23/2021	7	24	54	57	58	6
11/19/2021	5	23	52	53	59	18
11/16/2021	6	22	44	53	65	3
11/12/2021	30	32	42	46	48	15
11/9/2021	9	14	16	26	49	14
11/5/2021	10	15	20	66	68	18
11/2/2021	5	10	26	58	65	9
10/29/2021	15	26	28	35	45	4
10/26/2021	6	14	19	56	62	9
10/22/2021	9	14	26	29	66	22
10/19/2021	3	12	13	19	52	1
10/15/2021	3	20	31	34	65	18
10/12/2021	21	26	56	61	65	4
10/8/2021	21	24	36	40	70	22
10/5/2021	7	11	18	30	36	4
10/1/2021	21	25	36	62	63	6
9/28/2021	18	30	43	68	69	22
9/24/2021	17	21	27	43	56	15
9/21/2021	36	41	45	51	56	13
9/17/2021	17	32	40	59	61	18
9/14/2021	4	13	19	63	64	16
9/10/2021	20	32	35	47	64	18
9/7/2021	15	17	25	32	53	12
9/3/2021	7	10	12	61	65	3
8/31/2021	8	14	31	58	68	15
8/27/2021	1	10	44	47	56	23
8/24/2021	17	18	26	52	67	19
8/20/2021	41	43	51	57	70	1
8/17/2021	3	6	16	38	56	24
8/13/2021	17	21	35	40	53	11
8/10/2021	29	45	50	59	62	12
8/6/2021	9	18	40	46	69	9
8/3/2021	1	9	17	27	34	24
7/30/2021	19	26	31	52	68	10
7/27/2021	2	35	36	54	64	11
7/23/2021	13	17	19	40	69	17
7/20/2021	10	26	30	52	57	10
7/16/2021	24	25	47	52	57	24
7/13/2021	3	10	17	26	55	24
7/9/2021	6	37	39	41	46	17
7/6/2021	18	47	63	68	69	14
7/2/2021	8	31	32	34	45	19
6/29/2021	7	38	50	52	69	21
6/25/2021	17	20	42	45	65	12
6/22/2021	1	26	48	51	59	25
6/18/2021	14	36	44	46	53	18
6/15/2021	18	22	27	38	52	11
6/11/2021	4	43	56	63	68	13
6/8/2021	9	22	39	41	54	19
6/4/2021	4	30	34	41	64	8
6/1/2021	7	11	33	58	63	23
5/28/2021	10	14	20	47	70	15
5/25/2021	14	21	31	34	54	11
5/21/2021	6	9	17	18	48	8
5/18/2021	3	5	56	61	66	4
5/14/2021	3	18	41	44	68	3
5/11/2021	7	8	20	36	39	22
5/7/2021	5	10	19	21	50	10
5/4/2021	4	27	32	57	63	22
4/30/2021	8	19	26	48	49	5
4/27/2021	15	22	30	41	42	25
4/23/2021	4	28	29	30	60	25
4/20/2021	6	23	43	49	52	5
4/16/2021	17	27	28	50	55	25
4/13/2021	10	15	19	45	68	9
4/9/2021	22	26	27	58	66	12
4/6/2021	1	19	20	32	42	17
4/2/2021	10	42	48	53	62	19
3/30/2021	11	37	47	53	56	15
3/26/2021	4	25	37	46	67	15
3/23/2021	12	23	35	38	55	11
3/19/2021	9	14	40	58	69	8
3/16/2021	10	41	46	52	69	8
3/12/2021	2	24	25	31	65	18
3/9/2021	4	33	46	58	65	13
3/5/2021	10	11	17	27	54	20
3/2/2021	4	8	13	34	64	18
2/26/2021	11	15	37	62	64	5
2/23/2021	5	7	9	20	57	15
2/19/2021	27	32	47	50	53	4
2/16/2021	1	36	44	54	66	10
2/12/2021	5	14	24	25	27	14
2/9/2021	7	18	21	31	40	9
2/5/2021	14	17	28	29	44	2
2/2/2021	13	37	38	40	67	10
1/29/2021	4	44	58	59	70	3
1/26/2021	29	49	56	66	67	24
1/22/2021	4	26	42	50	60	24
1/19/2021	10	19	26	28	50	16
1/15/2021	3	11	12	38	43	15
1/12/2021	12	14	26	28	33	9
1/8/2021	3	6	16	18	58	11
1/5/2021	20	43	51	55	57	4
1/1/2021	8	24	53	68	69	7
12/29/2020	1	31	35	48	62	19
12/25/2020	17	23	36	69	70	19
12/22/2020	29	53	56	59	67	21
12/18/2020	7	15	25	51	60	5
12/15/2020	1	10	18	20	46	15
12/11/2020	19	31	37	55	67	25
12/8/2020	15	19	33	39	68	25
12/4/2020	3	19	24	44	50	8
12/1/2020	7	33	53	61	65	14
11/27/2020	4	10	27	35	58	10
11/24/2020	9	15	34	61	64	6
11/20/2020	26	33	45	61	68	17
11/17/2020	8	13	35	46	68	16
11/13/2020	6	7	14	28	59	7
11/10/2020	23	45	53	58	62	13
11/6/2020	18	24	27	34	60	2
11/3/2020	7	31	44	45	55	19
10/30/2020	14	19	34	39	59	11
10/27/2020	6	13	34	46	62	1
10/23/2020	18	34	44	60	69	22
10/20/2020	46	54	57	58	66	10
10/16/2020	27	32	50	52	57	12
10/13/2020	11	44	45	46	70	25
10/9/2020	5	11	25	27	64	13
10/6/2020	15	16	18	39	59	17
10/2/2020	9	38	47	49	68	25
9/29/2020	14	39	43	44	67	19
9/25/2020	20	36	37	48	67	16
9/22/2020	36	43	44	55	68	12
9/18/2020	26	29	41	52	64	11
9/15/2020	25	28	38	59	62	22
9/11/2020	3	15	42	48	56	13
9/8/2020	7	10	15	31	57	21
9/4/2020	19	22	24	28	53	25
9/1/2020	15	25	26	38	47	22
8/28/2020	3	9	50	53	64	1
8/25/2020	8	10	15	17	57	12
8/21/2020	11	15	31	42	63	14
8/18/2020	4	18	26	27	58	23
8/14/2020	3	24	29	42	47	13
8/11/2020	8	22	29	43	56	9
8/7/2020	4	44	53	64	70	3
8/4/2020	2	22	30	42	62	20
7/31/2020	12	35	46	48	69	23
7/28/2020	17	20	27	31	34	19
7/24/2020	8	33	39	54	58	17
7/21/2020	14	25	26	41	43	15
7/17/2020	12	13	21	46	57	21
7/14/2020	6	26	55	56	64	22
7/10/2020	10	15	20	49	53	22
7/7/2020	16	20	25	30	43	18
7/3/2020	20	40	44	45	50	24
6/30/2020	9	16	29	37	53	11
6/26/2020	19	33	37	56	57	6
6/23/2020	6	20	37	40	48	15
6/19/2020	11	34	36	52	66	7
6/16/2020	21	23	33	35	42	6
6/12/2020	9	14	57	67	70	2
6/9/2020	1	5	9	10	23	22
6/5/2020	32	35	37	47	55	22
6/2/2020	9	20	23	26	29	8
5/29/2020	10	13	32	41	51	3
5/26/2020	34	52	58	59	62	4
5/22/2020	8	10	20	44	46	18
5/19/2020	8	19	25	36	66	9
5/15/2020	11	17	32	33	46	25
5/12/2020	7	16	27	44	52	5
5/8/2020	5	20	22	61	70	4
5/5/2020	7	13	17	21	45	14
5/1/2020	28	30	31	35	66	14
4/28/2020	13	19	53	54	63	17
4/24/2020	1	27	32	60	67	18
4/21/2020	13	15	24	67	70	17
4/17/2020	13	35	39	46	55	14
4/14/2020	29	47	65	69	70	7
4/10/2020	2	11	21	57	60	13
4/7/2020	25	33	43	51	68	20
4/3/2020	24	38	44	57	58	17
3/31/2020	8	17	51	57	70	2
3/27/2020	3	25	28	50	60	1
3/24/2020	2	8	16	18	31	14
3/20/2020	34	35	41	45	54	5
3/17/2020	20	27	28	58	59	25
3/13/2020	7	22	37	43	44	22
3/10/2020	6	17	48	54	69	12
3/6/2020	15	48	56	58	70	4
3/3/2020	8	12	33	56	64	2
2/28/2020	2	3	14	41	64	17
2/25/2020	2	9	43	49	63	15
2/21/2020	4	7	13	16	60	6
2/18/2020	6	12	39	61	70	4
2/14/2020	10	32	48	54	55	18
2/11/2020	4	6	32	52	64	6
2/7/2020	9	14	27	36	52	4
2/4/2020	32	48	50	51	64	10
1/31/2020	28	31	33	57	62	19
1/28/2020	17	36	47	51	62	21
1/24/2020	3	4	18	23	38	24
1/21/2020	16	18	29	31	37	8
1/17/2020	3	25	30	54	70	9
1/14/2020	9	11	13	31	47	11
1/10/2020	17	27	49	51	66	2
1/7/2020	25	40	41	52	56	21
1/3/2020	37	41	42	53	63	16
12/31/2019	30	44	49	53	56	11
12/27/2019	17	34	40	63	64	24
12/24/2019	27	37	48	63	66	11
12/20/2019	3	20	23	35	60	16
12/17/2019	22	30	53	55	56	16
12/13/2019	17	21	29	39	56	22
12/10/2019	18	31	46	54	61	25
12/6/2019	20	31	40	46	61	20
12/3/2019	23	43	60	63	69	19
11/29/2019	6	8	31	50	65	9
11/26/2019	8	27	29	38	43	13
11/22/2019	7	12	17	49	53	24
11/19/2019	22	43	44	47	66	22
11/15/2019	12	19	34	35	68	20
11/12/2019	19	30	44	56	65	24
11/8/2019	3	4	10	39	58	14
11/5/2019	2	9	24	49	54	19
11/1/2019	9	20	36	41	54	22
10/29/2019	4	9	17	27	39	22
10/25/2019	16	24	25	52	60	6
10/22/2019	5	11	14	23	25	10
10/18/2019	18	58	60	65	67	20
10/15/2019	4	12	14	35	70	2
10/11/2019	14	22	30	37	60	8
10/8/2019	5	8	10	17	48	23
10/4/2019	11	38	44	48	70	17
10/1/2019	10	17	39	42	59	3
9/27/2019	12	20	31	43	45	20
9/24/2019	6	14	24	42	46	9
9/20/2019	23	24	42	48	53	22
9/17/2019	12	15	30	50	65	1
9/13/2019	6	16	37	59	62	5
9/10/2019	34	47	48	50	55	24
9/6/2019	4	11	13	19	31	10
9/3/2019	13	20	27	61	62	5
8/30/2019	3	9	11	34	39	10
8/27/2019	8	12	23	39	43	6
8/23/2019	11	15	37	54	68	21
8/20/2019	8	14	25	51	63	4
8/16/2019	4	14	24	26	46	14
8/13/2019	7	27	31	34	51	5
8/9/2019	15	53	56	59	63	1
8/6/2019	11	17	31	43	55	16
8/2/2019	11	20	26	48	70	19
7/30/2019	10	24	28	33	38	6
7/26/2019	4	6	11	43	48	11
7/23/2019	1	4	23	40	45	11
7/19/2019	16	18	28	33	67	14
7/16/2019	8	16	31	48	52	23
7/12/2019	8	25	38	56	59	7
7/9/2019	12	26	40	48	64	1
7/5/2019	6	38	47	57	63	12
7/2/2019	3	25	37	40	55	13
6/28/2019	2	35	49	53	63	1
6/25/2019	24	33	45	47	61	17
6/21/2019	13	30	36	48	62	18
6/18/2019	12	14	22	24	48	21
6/14/2019	19	40	47	57	65	6
6/11/2019	20	34	39	43	57	13
6/7/2019	17	19	27	40	68	2
6/4/2019	25	37	46	48	68	25
5/31/2019	7	8	26	65	67	4
5/28/2019	9	21	34	42	50	21
5/24/2019	14	41	44	56	62	10
5/21/2019	10	50	55	56	58	15
5/17/2019	5	17	28	32	63	11
5/14/2019	11	59	66	67	68	18
5/10/2019	3	16	21	61	62	19
5/7/2019	3	6	34	54	63	19
5/3/2019	8	16	22	66	68	11
4/30/2019	24	37	41	61	70	20
4/26/2019	9	17	23	30	46	10
4/23/2019	7	24	30	48	67	9
4/19/2019	18	25	43	44	57	25
4/16/2019	11	29	34	48	54	10
4/12/2019	1	24	25	40	70	4
4/9/2019	11	22	34	44	58	9
4/5/2019	8	22	24	38	64	21
4/2/2019	33	47	58	59	64	25
3/29/2019	5	14	15	62	66	3
3/26/2019	4	14	22	43	58	9
3/22/2019	7	36	58	60	62	10
3/19/2019	10	42	53	67	68	15
3/15/2019	3	29	56	62	64	4
3/12/2019	10	12	16	49	57	18
3/8/2019	4	9	42	62	68	7
3/5/2019	15	20	32	37	52	6
3/1/2019	29	33	39	60	66	21
2/26/2019	10	12	14	24	60	20
2/22/2019	18	24	31	34	55	4
2/19/2019	17	24	34	56	65	3
2/15/2019	10	38	40	43	65	12
2/12/2019	15	32	39	50	65	7
2/8/2019	14	24	31	42	48	13
2/5/2019	3	34	36	59	66	7
2/1/2019	2	37	48	66	68	11
1/29/2019	10	33	53	54	62	22
1/25/2019	8	16	30	38	61	10
1/22/2019	4	15	37	59	64	16
1/18/2019	2	43	48	62	64	24
1/15/2019	29	52	58	60	62	7
1/11/2019	4	5	31	62	69	20
1/8/2019	13	26	29	38	64	5
1/4/2019	21	29	35	54	60	15
1/1/2019	34	44	57	62	70	14
12/28/2018	9	10	25	37	38	21
12/25/2018	2	8	42	43	50	6
12/21/2018	10	13	61	62	70	5
12/18/2018	13	22	32	60	69	9
12/14/2018	5	22	26	43	49	23
12/11/2018	4	38	39	54	59	12
12/7/2018	4	10	20	33	57	13
12/4/2018	28	31	41	42	50	4
11/30/2018	25	28	40	43	63	19
11/27/2018	12	24	37	42	57	18
11/23/2018	7	10	30	33	59	23
11/20/2018	10	16	31	42	66	10
11/16/2018	33	36	63	68	69	16
11/13/2018	34	46	57	65	69	11
11/9/2018	8	14	27	57	67	5
11/6/2018	28	34	37	56	69	12
11/2/2018	3	23	28	46	62	16
10/30/2018	20	31	39	46	49	23
10/26/2018	1	28	61	62	63	5
10/23/2018	5	28	62	65	70	5
10/19/2018	15	23	53	65	70	7
10/16/2018	3	45	49	61	69	9
10/12/2018	4	24	46	61	70	7
10/9/2018	20	22	39	54	60	18
10/5/2018	27	28	32	41	69	12
10/2/2018	2	22	29	31	34	1
9/28/2018	39	45	52	56	59	15
9/25/2018	8	16	32	48	61	12
9/21/2018	1	2	11	52	64	9
9/18/2018	31	32	43	63	68	17
9/14/2018	23	30	40	43	66	13
9/11/2018	15	30	51	62	67	19
9/7/2018	8	10	41	54	68	10
9/4/2018	2	7	25	35	44	3
8/31/2018	7	18	29	32	45	17
8/28/2018	3	20	33	34	41	20
8/24/2018	1	6	13	18	49	8
8/21/2018	14	16	19	38	57	11
8/17/2018	1	31	32	47	56	3
8/14/2018	11	26	44	45	46	11
8/10/2018	1	3	12	22	42	6
8/7/2018	2	13	15	21	62	2
8/3/2018	9	28	30	54	60	2
7/31/2018	12	15	35	64	69	9
7/27/2018	1	32	40	49	63	20
7/24/2018	1	2	4	19	29	20
7/20/2018	1	14	30	44	62	1
7/17/2018	40	41	61	66	67	12
7/13/2018	21	22	39	59	68	2
7/10/2018	1	17	28	56	70	14
7/6/2018	2	10	46	50	56	16
7/3/2018	13	35	45	49	68	23
6/29/2018	2	32	47	49	68	23
6/26/2018	17	25	29	39	60	19
6/22/2018	2	6	11	27	44	20
6/19/2018	11	13	28	65	70	14
6/15/2018	1	11	37	47	51	6
6/12/2018	1	3	5	8	70	3
6/8/2018	14	30	33	44	56	13
6/5/2018	22	33	41	48	52	4
6/1/2018	5	24	52	62	66	17
5/29/2018	2	11	55	58	67	2
5/25/2018	11	14	51	64	68	25
5/22/2018	16	17	21	36	48	9
5/18/2018	9	26	53	64	66	11
5/15/2018	21	34	44	49	61	21
5/11/2018	14	38	40	53	70	22
5/8/2018	8	15	39	64	67	13
5/4/2018	4	5	10	12	18	21
5/1/2018	2	7	20	55	70	1
4/27/2018	2	29	38	63	66	11
4/24/2018	3	19	31	32	48	10
4/20/2018	1	15	18	32	45	4
4/17/2018	12	34	44	47	65	22
4/13/2018	8	9	32	42	59	10
4/10/2018	5	13	31	43	53	20
4/6/2018	16	33	51	54	67	20
4/3/2018	4	29	39	42	62	14
3/30/2018	11	28	31	46	59	1
3/27/2018	7	25	43	56	59	13
3/23/2018	4	8	23	53	59	17
3/20/2018	14	38	51	64	70	9
3/16/2018	1	13	26	33	52	11
3/13/2018	6	30	58	60	61	17
3/9/2018	7	17	18	46	66	22
3/6/2018	1	4	26	35	39	22
3/2/2018	24	28	42	60	64	8
2/27/2018	10	17	21	38	43	23
2/23/2018	7	11	13	19	58	9
2/20/2018	17	19	23	24	43	14
2/16/2018	14	38	48	53	58	16
2/13/2018	5	12	15	46	49	1
2/9/2018	28	34	41	46	47	14
2/6/2018	14	17	25	48	58	25
2/2/2018	1	4	14	17	40	4
1/30/2018	29	41	42	49	57	24
1/26/2018	10	16	27	38	43	1
1/23/2018	2	6	30	31	55	7
1/19/2018	3	17	23	49	66	23
1/16/2018	3	11	23	29	59	18
1/12/2018	17	18	33	46	60	24
1/9/2018	16	29	31	65	67	23
1/5/2018	28	30	39	59	70	10
1/2/2018	1	42	47	64	70	22
12/29/2017	4	10	18	28	62	7
12/26/2017	10	12	20	38	41	25
12/22/2017	1	20	30	33	42	16
12/19/2017	28	37	39	42	58	2
12/15/2017	4	12	36	44	57	19
12/12/2017	8	23	24	25	27	9
12/8/2017	6	37	46	60	70	24
12/5/2017	14	15	37	42	67	22
12/1/2017	16	22	40	41	59	8
11/28/2017	10	17	47	51	61	5
11/24/2017	16	36	54	61	64	22
11/21/2017	3	7	22	27	50	3
11/17/2017	3	26	55	58	70	15
11/14/2017	1	14	21	22	28	19
11/10/2017	6	23	38	42	58	24
11/7/2017	1	54	60	68	69	11
11/3/2017	10	22	42	61	69	3
10/31/2017	6	28	31	52	53	12
10/27/2017	17	27	41	51	52	13
10/24/2017	20	24	34	56	64	6
10/20/2017	6	23	63	66	73	9
10/17/2017	31	45	49	56	70	11
10/13/2017	2	7	18	26	31	12
10/10/2017	7	16	24	61	62	2
10/6/2017	21	33	36	45	56	12
10/3/2017	12	18	19	25	67	7
9/29/2017	25	51	62	73	74	7
9/26/2017	1	10	57	66	75	4
9/22/2017	5	39	54	63	66	15
9/19/2017	9	28	31	50	61	10
9/15/2017	18	24	34	38	58	3
9/12/2017	26	37	41	54	65	3
9/8/2017	4	5	14	26	73	14
9/5/2017	11	17	59	70	72	1
9/1/2017	4	13	31	50	64	12
8/29/2017	2	13	17	35	73	3
8/25/2017	17	38	42	51	65	11
8/22/2017	24	35	46	50	51	7
8/18/2017	1	31	34	40	75	6
8/15/2017	7	16	20	66	73	7
8/11/2017	23	33	53	56	58	6
8/8/2017	11	17	50	52	74	14
8/4/2017	9	17	25	63	71	4
8/1/2017	20	22	52	57	73	7
7/28/2017	4	6	31	49	52	11
7/25/2017	2	5	26	58	60	6
7/21/2017	18	31	36	50	74	10
7/18/2017	8	12	23	51	73	6
7/14/2017	11	12	24	32	73	1
7/11/2017	7	18	24	55	74	10
7/7/2017	2	9	11	28	60	10
7/4/2017	16	39	47	53	71	15
6/30/2017	10	38	51	55	64	6
6/27/2017	4	21	45	52	57	14
6/23/2017	12	20	53	66	74	11
6/20/2017	2	15	41	49	63	3
6/16/2017	18	22	26	30	44	9
6/13/2017	27	51	62	68	75	8
6/9/2017	3	16	28	33	37	9
6/6/2017	3	5	16	49	75	5
6/2/2017	7	42	57	69	72	10
5/30/2017	5	20	32	37	67	5
5/26/2017	25	26	28	37	56	5
5/23/2017	6	13	17	33	60	14
5/19/2017	1	4	5	24	30	1
5/16/2017	4	35	39	56	72	11
5/12/2017	28	34	41	42	47	13
5/9/2017	6	29	45	69	73	11
5/5/2017	4	23	33	47	53	7
5/2/2017	5	14	42	43	58	1
4/28/2017	6	13	18	20	31	13
4/25/2017	3	13	33	40	50	2
4/21/2017	1	12	13	32	34	10
4/18/2017	8	29	30	43	64	6
4/14/2017	5	10	55	60	73	12
4/11/2017	19	34	35	38	49	8
4/7/2017	30	33	43	47	69	15
4/4/2017	13	24	34	35	55	9
3/31/2017	17	24	27	32	58	10
3/28/2017	30	33	35	37	46	10
3/24/2017	5	28	37	61	69	1
3/21/2017	4	45	53	73	75	7
3/17/2017	11	27	31	58	60	10
3/14/2017	16	23	28	33	59	13
3/10/2017	26	38	42	58	70	5
3/7/2017	3	30	45	53	68	11
3/3/2017	14	26	39	48	51	9
2/28/2017	20	33	45	58	69	4
2/24/2017	12	29	33	42	68	14
2/21/2017	9	21	30	32	75	9
2/17/2017	4	56	58	67	75	8
2/14/2017	7	11	33	60	68	15
2/10/2017	32	39	51	62	75	14
2/7/2017	23	28	37	56	71	12
2/3/2017	3	6	29	30	64	3
1/31/2017	3	14	27	62	72	4
1/27/2017	17	37	53	54	61	8
1/24/2017	8	42	54	63	67	11
1/20/2017	7	9	24	41	53	14
1/17/2017	20	31	54	56	59	3
1/13/2017	10	44	58	74	75	11
1/10/2017	11	20	40	41	59	15
1/6/2017	6	10	44	47	54	6
1/3/2017	14	16	23	49	53	12
12/30/2016	6	21	33	39	43	2
12/27/2016	2	28	30	38	39	11
12/23/2016	21	30	39	60	69	15
12/20/2016	1	12	14	48	65	2
12/16/2016	1	8	15	36	43	6
12/13/2016	2	15	26	34	41	14
12/9/2016	19	27	47	67	68	1
12/6/2016	13	34	48	53	63	12
12/2/2016	3	33	35	49	51	1
11/29/2016	22	33	49	51	59	8
11/25/2016	44	47	49	69	75	10
11/22/2016	1	43	45	66	69	7
11/18/2016	31	32	49	55	58	15
11/15/2016	9	17	23	57	71	6
11/11/2016	16	40	47	53	59	11
11/8/2016	46	48	53	61	74	12
11/4/2016	10	29	32	44	46	10
11/1/2016	19	24	31	39	45	13
10/28/2016	7	38	46	57	66	2
10/25/2016	8	9	24	49	67	13
10/21/2016	12	43	44	48	66	3
10/18/2016	7	24	28	65	74	1
10/14/2016	7	27	60	64	74	5
10/11/2016	36	39	42	45	48	3
10/7/2016	24	37	42	50	65	14
10/4/2016	18	29	30	54	66	1
9/30/2016	21	30	47	50	57	9
9/27/2016	14	16	26	53	72	4
9/23/2016	1	5	8	25	62	14
9/20/2016	2	22	34	62	72	2
9/16/2016	13	21	28	34	40	15
9/13/2016	6	15	17	39	56	15
9/9/2016	1	34	43	44	63	11
9/6/2016	25	37	58	69	75	8
9/2/2016	22	28	41	46	60	3
8/30/2016	28	32	41	51	71	11
8/26/2016	10	11	31	41	44	14
8/23/2016	2	7	46	61	66	1
8/19/2016	22	37	45	65	73	13
8/16/2016	2	43	52	62	63	6
8/12/2016	4	41	44	56	69	10
8/9/2016	12	19	20	44	66	1
8/5/2016	5	18	28	54	74	6
8/2/2016	3	12	36	54	70	12
7/29/2016	11	16	19	31	48	4
7/26/2016	1	4	31	36	54	9
7/22/2016	8	24	25	26	30	7
7/19/2016	3	34	54	65	66	4
7/15/2016	16	51	52	56	58	4
7/12/2016	6	8	22	46	68	4
7/8/2016	8	19	20	55	73	5
7/5/2016	29	46	53	64	73	10
7/1/2016	20	41	42	45	49	14
6/28/2016	15	17	20	35	55	7
6/24/2016	11	14	54	57	63	11
6/21/2016	6	13	21	49	50	10
6/17/2016	20	23	30	44	59	9
6/14/2016	36	37	38	52	62	6
6/10/2016	34	61	66	67	68	7
6/7/2016	25	48	51	65	72	4
6/3/2016	32	54	65	66	71	10
5/31/2016	9	31	34	41	49	8
5/27/2016	18	41	50	68	70	9
5/24/2016	11	50	51	70	75	15
5/20/2016	19	24	26	40	68	8
5/17/2016	17	24	27	48	75	6
5/13/2016	20	21	38	54	66	7
5/10/2016	12	22	46	56	74	4
5/6/2016	14	26	27	32	36	7
5/3/2016	28	29	33	36	45	15
4/29/2016	5	6	37	55	74	10
4/26/2016	14	16	17	28	48	2
4/22/2016	2	19	21	42	60	13
4/19/2016	9	28	40	57	65	2
4/15/2016	9	10	34	37	73	9
4/12/2016	7	11	59	62	63	3
4/8/2016	31	38	52	65	71	15
4/5/2016	13	45	52	53	57	10
4/1/2016	25	28	33	41	69	6
3/29/2016	33	38	40	46	49	15
3/25/2016	4	11	12	35	46	12
3/22/2016	6	19	34	38	70	5
3/18/2016	5	8	57	59	73	13
3/15/2016	18	26	30	44	68	7
3/11/2016	14	18	48	54	71	13
3/8/2016	27	37	54	66	69	5
3/4/2016	21	26	33	48	73	14
3/1/2016	1	29	33	34	55	6
2/26/2016	3	15	19	62	74	14
2/23/2016	16	32	39	53	57	10
2/19/2016	2	27	41	50	75	4
2/16/2016	9	31	33	46	64	4
2/12/2016	1	7	44	68	73	1
2/9/2016	3	42	46	56	71	13
2/5/2016	4	6	23	55	75	2
2/2/2016	7	13	25	51	70	9
1/29/2016	20	28	49	51	52	6
1/26/2016	14	27	39	50	69	2
1/22/2016	21	25	40	46	56	3
1/19/2016	2	17	31	39	47	9
1/15/2016	29	41	53	54	70	12
1/12/2016	15	27	29	31	48	15
1/8/2016	11	39	51	57	75	2
1/5/2016	1	4	36	48	57	13
1/1/2016	7	18	37	38	39	9
12/29/2015	20	25	55	62	74	7
12/25/2015	15	25	29	44	51	4
12/22/2015	11	21	40	50	70	15
12/18/2015	6	23	24	28	62	7
12/15/2015	18	25	47	51	61	5
12/11/2015	14	20	43	54	69	5
12/8/2015	7	17	37	49	73	15
12/4/2015	26	42	47	61	73	6
12/1/2015	5	7	25	50	59	12
11/27/2015	16	20	39	56	59	12
11/24/2015	2	19	30	38	70	8
11/20/2015	9	12	29	37	67	15
11/17/2015	12	14	18	24	61	10
11/13/2015	17	18	31	35	59	9
11/10/2015	8	17	20	45	71	4
11/6/2015	10	31	35	50	72	8
11/3/2015	16	29	44	69	74	12
10/30/2015	17	41	51	53	56	15
10/27/2015	9	26	27	29	74	4
10/23/2015	25	32	37	45	70	1
10/20/2015	6	25	35	38	52	4
10/16/2015	2	38	48	61	68	4
10/13/2015	7	9	24	38	52	1
10/9/2015	8	9	21	63	75	14
10/6/2015	17	58	63	64	66	13
10/2/2015	4	14	29	31	47	9
9/29/2015	8	21	30	61	62	9
9/25/2015	3	8	38	51	64	4
9/22/2015	28	30	38	45	51	8
9/18/2015	17	34	35	51	65	7
9/15/2015	7	20	35	49	56	9
9/11/2015	5	11	31	50	67	14
9/8/2015	19	20	36	41	46	7
9/4/2015	17	21	39	52	57	5
9/1/2015	2	5	35	40	54	13
8/28/2015	13	35	40	60	68	9
8/25/2015	5	44	54	59	63	1
8/21/2015	13	15	21	41	72	1
8/18/2015	2	7	33	39	53	9
8/14/2015	12	15	20	52	71	3
8/11/2015	3	8	29	57	68	8
8/7/2015	1	38	53	63	66	10
8/4/2015	2	19	44	51	57	14
7/31/2015	28	32	33	40	46	10
7/28/2015	8	35	61	68	75	15
7/24/2015	10	12	26	60	62	13
7/21/2015	20	30	62	65	74	1
7/17/2015	6	17	30	31	41	15
7/14/2015	19	24	30	35	72	5
7/10/2015	24	27	45	51	54	8
7/7/2015	6	15	16	28	49	14
7/3/2015	33	50	64	71	72	9
6/30/2015	11	17	34	43	50	15
6/26/2015	12	23	33	47	50	3
6/23/2015	6	13	38	56	70	2
6/19/2015	4	35	36	52	68	8
6/16/2015	8	19	26	56	67	14
6/12/2015	1	40	42	56	62	2
6/9/2015	6	16	17	25	36	7
6/5/2015	7	22	27	41	49	10
6/2/2015	2	9	11	22	23	12
5/29/2015	20	27	38	49	66	2
5/26/2015	1	39	52	69	72	12
5/22/2015	3	14	15	25	48	8
5/19/2015	10	12	21	29	65	10
5/15/2015	11	17	21	36	74	15
5/12/2015	14	30	33	36	44	2
5/8/2015	9	21	25	66	72	7
5/5/2015	11	21	42	62	71	7
5/1/2015	17	18	61	66	74	3
4/28/2015	22	27	55	58	63	11
4/24/2015	24	25	29	47	67	4
4/21/2015	31	33	35	41	69	11
4/17/2015	15	18	29	41	50	5
4/14/2015	3	7	25	68	71	3
4/10/2015	6	11	32	46	68	9
4/7/2015	5	15	22	26	64	6
4/3/2015	10	36	47	63	74	2
3/31/2015	8	26	41	61	73	11
3/27/2015	17	21	36	58	70	3
3/24/2015	2	23	32	45	55	12
3/20/2015	7	50	54	61	75	7
3/17/2015	11	27	44	45	58	3
3/13/2015	8	22	30	42	45	3
3/10/2015	10	14	19	30	73	14
3/6/2015	30	48	55	68	73	5
3/3/2015	9	11	42	44	50	3
2/27/2015	7	49	53	60	64	4
2/24/2015	15	23	26	45	66	4
2/20/2015	2	6	8	52	66	13
2/17/2015	6	45	50	65	66	1
2/13/2015	4	20	44	65	74	14
2/10/2015	7	42	53	58	71	15
2/6/2015	5	6	17	33	68	13
2/3/2015	11	22	25	58	69	13
1/30/2015	18	31	39	45	55	6
1/27/2015	5	26	27	44	57	7
1/23/2015	14	15	32	68	72	8
1/20/2015	31	35	56	59	63	6
1/16/2015	26	32	44	45	58	11
1/13/2015	12	20	25	50	51	7
1/9/2015	37	49	50	56	57	8
1/6/2015	12	20	27	38	75	4
1/2/2015	13	15	35	62	74	12
12/30/2014	3	7	44	63	67	12
12/26/2014	2	5	10	20	38	14
12/23/2014	4	10	31	56	66	7
12/19/2014	14	18	58	59	68	4
12/16/2014	41	58	68	72	73	1
12/12/2014	2	31	46	58	65	7
12/9/2014	27	45	49	51	52	14
12/5/2014	4	5	11	51	59	5
12/2/2014	13	18	22	49	62	11
11/28/2014	8	26	29	36	47	10
11/25/2014	10	11	29	47	56	4
11/21/2014	3	12	35	37	63	15
11/18/2014	37	39	53	68	75	6
11/14/2014	3	49	61	62	68	15
11/11/2014	23	25	28	30	75	11
11/7/2014	31	35	41	65	66	5
11/4/2014	9	15	24	39	41	1
10/31/2014	11	29	36	58	67	15
10/28/2014	3	50	57	58	60	11
10/24/2014	2	14	21	28	55	3
10/21/2014	5	35	37	41	66	11
10/17/2014	21	31	43	56	60	12
10/14/2014	11	37	46	64	68	15
10/10/2014	2	32	35	50	59	3
10/7/2014	16	29	46	48	55	2
10/3/2014	3	20	34	58	67	6
9/30/2014	3	16	52	54	61	6
9/26/2014	17	26	35	46	62	9
9/23/2014	21	24	25	40	43	12
9/19/2014	16	25	27	29	34	2
9/16/2014	25	45	51	53	73	2
9/12/2014	18	28	33	36	42	7
9/9/2014	25	34	55	70	71	1
9/5/2014	7	12	20	24	59	7
9/2/2014	1	8	54	69	72	1
8/29/2014	3	26	45	58	73	12
8/26/2014	29	31	51	60	64	1
8/22/2014	5	31	34	41	74	3
8/19/2014	22	39	56	67	71	15
8/15/2014	16	19	28	29	68	9
8/12/2014	32	53	60	63	68	6
8/8/2014	9	16	61	70	75	7
8/5/2014	25	28	36	45	53	6
8/1/2014	13	29	34	37	72	6
7/29/2014	2	8	16	43	74	1
7/25/2014	22	29	33	41	68	12
7/22/2014	14	18	22	31	47	15
7/18/2014	5	8	59	65	72	3
7/15/2014	2	4	17	36	40	5
7/11/2014	9	13	30	35	69	10
7/8/2014	14	25	27	48	49	9
7/4/2014	16	33	39	58	69	2
7/1/2014	9	22	38	47	49	15
6/27/2014	15	29	31	46	64	10
6/24/2014	13	17	24	47	65	10
6/20/2014	1	22	25	29	56	3
6/17/2014	10	14	24	47	60	3
6/13/2014	7	38	46	49	56	1
6/10/2014	2	10	24	26	74	7
6/6/2014	12	29	37	49	72	9
6/3/2014	19	28	62	66	74	6
5/30/2014	10	13	42	43	62	2
5/27/2014	1	6	10	46	58	13
5/23/2014	12	14	21	38	70	15
5/20/2014	10	40	63	64	69	7
5/16/2014	13	14	16	50	56	11
5/13/2014	37	46	48	70	74	1
5/9/2014	10	28	39	51	59	14
5/6/2014	18	20	27	48	51	5
5/2/2014	1	18	26	35	40	13
4/29/2014	7	43	59	61	66	3
4/25/2014	3	11	18	20	66	9
4/22/2014	2	18	19	49	50	1
4/18/2014	18	25	38	45	63	9
4/15/2014	4	39	46	47	70	13
4/11/2014	3	42	44	47	57	8
4/8/2014	35	36	41	60	71	3
4/4/2014	1	10	15	41	54	9
4/1/2014	10	23	68	74	75	9
3/28/2014	2	3	9	50	73	12
3/25/2014	19	26	51	57	73	15
3/21/2014	2	23	30	35	53	10
3/18/2014	11	19	24	33	51	7
3/14/2014	7	20	40	54	69	12
3/11/2014	9	14	56	57	69	10
3/7/2014	11	13	51	57	69	1
3/4/2014	10	29	31	35	45	10
2/28/2014	3	31	50	58	59	6
2/25/2014	12	18	25	35	66	15
2/21/2014	23	29	32	45	46	15
2/18/2014	23	29	31	37	70	14
2/14/2014	20	28	35	71	72	7
2/11/2014	43	64	67	71	73	4
2/7/2014	11	21	23	35	64	10
2/4/2014	25	44	49	60	73	9
1/31/2014	3	9	13	47	52	8
1/28/2014	7	16	28	53	60	2
1/24/2014	22	45	46	47	65	10
1/21/2014	8	23	33	45	52	4
1/17/2014	1	10	26	31	51	11
1/14/2014	4	23	26	62	69	13
1/10/2014	8	28	36	37	57	8
1/7/2014	13	34	56	62	64	6
1/3/2014	22	24	25	40	70	5
12/31/2013	8	12	34	52	58	8
12/27/2013	4	15	35	48	49	11
12/24/2013	23	34	53	58	73	2
12/20/2013	3	4	31	49	57	6
12/17/2013	8	14	17	20	39	7
12/13/2013	19	24	26	27	70	12
12/10/2013	5	12	22	41	65	13
12/6/2013	11	29	44	63	64	3
12/3/2013	7	12	41	44	59	3
11/29/2013	9	41	43	47	57	5
11/26/2013	27	44	59	74	75	3
11/22/2013	17	23	35	36	44	8
11/19/2013	14	15	29	49	63	2
11/15/2013	25	44	49	54	63	8
11/12/2013	20	30	32	42	71	15
11/8/2013	41	42	51	57	65	7
11/5/2013	2	11	42	64	74	2
11/1/2013	32	35	49	62	67	1
10/29/2013	20	33	50	53	54	7
10/25/2013	6	16	45	54	60	15
10/22/2013	2	3	19	52	71	14
10/18/2013	5	20	45	48	56	1
10/15/2013	4	23	30	43	50	11
10/11/2013	3	27	37	45	48	46
10/8/2013	6	15	19	23	40	5
10/4/2013	4	16	24	25	44	5
10/1/2013	7	10	30	37	53	1
9/27/2013	9	23	27	49	51	38
9/24/2013	4	11	32	39	40	33
9/20/2013	1	15	20	21	47	34
9/17/2013	6	15	27	31	39	25
9/13/2013	9	22	28	48	54	8
9/10/2013	2	12	18	54	56	1
9/6/2013	2	16	17	22	41	31
9/3/2013	4	13	14	28	41	28
8/30/2013	6	19	24	43	44	33
8/27/2013	4	7	30	36	38	38
8/23/2013	1	9	17	20	53	14
8/20/2013	13	28	35	38	41	33
8/16/2013	7	13	26	36	46	37
8/13/2013	2	31	32	37	41	40
8/9/2013	11	20	30	34	38	12
8/6/2013	1	11	16	51	55	41
8/2/2013	8	21	23	25	39	4
7/30/2013	25	27	36	42	44	39
7/26/2013	4	22	23	27	38	42
7/23/2013	25	32	35	50	51	46
7/19/2013	16	20	24	39	42	46
7/16/2013	10	14	21	40	53	20
7/12/2013	4	5	25	27	51	10
7/9/2013	3	21	43	45	48	14
7/5/2013	2	23	41	47	54	42
7/2/2013	36	42	51	52	53	40
6/28/2013	8	15	35	46	52	38
6/25/2013	3	5	28	33	51	16
6/21/2013	3	14	17	40	50	3
6/18/2013	6	17	34	40	48	30
6/14/2013	2	5	31	33	34	20
6/11/2013	15	40	45	50	53	28
6/7/2013	1	10	37	48	55	21
6/4/2013	10	11	12	20	55	19
5/31/2013	2	20	26	44	46	26
5/28/2013	4	12	25	32	54	36
5/24/2013	4	5	16	18	53	28
5/21/2013	2	15	17	48	55	11
5/17/2013	11	15	35	43	49	41
5/14/2013	6	10	12	28	32	38
5/10/2013	1	19	20	39	49	28
5/7/2013	1	6	13	20	51	31
5/3/2013	2	20	34	42	54	39
4/30/2013	21	30	34	39	49	43
4/26/2013	17	42	49	54	55	31
4/23/2013	9	21	22	32	50	10
4/19/2013	6	8	12	22	43	28
4/16/2013	2	5	15	18	39	42
4/12/2013	1	10	13	19	21	28
4/9/2013	17	30	41	48	54	13
4/5/2013	8	15	23	36	41	5
4/2/2013	7	10	14	40	47	34
3/29/2013	25	31	36	46	53	21
3/26/2013	20	33	46	49	51	46
3/22/2013	14	27	34	37	41	38
3/19/2013	3	6	14	21	37	35
3/15/2013	4	8	17	22	32	8
3/12/2013	9	12	19	20	30	39
3/8/2013	4	11	25	34	35	44
3/5/2013	6	20	39	41	46	42
3/1/2013	17	30	38	43	51	20
2/26/2013	6	7	13	15	43	7
2/22/2013	9	13	24	38	49	30
2/19/2013	1	15	19	30	56	28
2/15/2013	11	35	41	42	44	42
2/12/2013	9	22	32	38	55	44
2/8/2013	6	15	20	39	50	5
2/5/2013	2	5	10	26	44	46
2/1/2013	1	30	32	40	41	17
1/29/2013	8	12	27	46	47	6
1/25/2013	11	12	17	31	48	1
1/22/2013	7	11	16	39	54	13
1/18/2013	8	18	25	42	49	14
1/15/2013	1	6	12	19	41	14
1/11/2013	24	29	30	34	56	1
1/8/2013	3	20	21	38	42	19
1/4/2013	1	2	23	25	55	39
1/1/2013	4	11	21	25	44	29
12/28/2012	10	13	32	40	41	32
12/25/2012	2	3	18	34	48	36
12/21/2012	3	18	32	41	56	19
12/18/2012	1	6	7	18	29	16
12/14/2012	11	28	33	41	43	41
12/11/2012	39	44	51	52	54	13
12/7/2012	7	43	44	51	56	4
12/4/2012	3	19	24	32	43	44
11/30/2012	11	22	24	28	31	46
11/27/2012	5	12	26	42	49	24
11/23/2012	8	37	44	47	48	27
11/20/2012	9	13	22	38	52	44
11/16/2012	5	24	26	29	53	36
11/13/2012	6	12	31	46	56	34
11/9/2012	18	22	33	35	40	11
11/6/2012	3	5	13	32	35	6
11/2/2012	4	18	22	38	44	24
10/30/2012	5	12	18	29	56	38
10/26/2012	4	15	24	36	40	44
10/23/2012	1	17	42	46	55	1
10/19/2012	14	34	36	48	53	42
10/16/2012	13	37	40	46	52	29
10/12/2012	6	10	24	26	42	15
10/9/2012	6	15	16	22	37	3
10/5/2012	8	9	16	32	39	15
10/2/2012	10	11	20	42	55	9
9/28/2012	6	8	14	43	56	28
9/25/2012	7	8	23	50	51	26
9/21/2012	3	13	14	46	55	34
9/18/2012	5	9	22	36	49	36
9/14/2012	16	17	21	40	51	20
9/11/2012	5	11	20	33	36	11
9/7/2012	15	32	38	42	46	31
9/4/2012	16	32	39	41	53	16
8/31/2012	31	40	41	47	48	45
8/28/2012	4	9	40	45	50	39
8/24/2012	25	34	45	46	49	34
8/21/2012	5	13	20	23	33	30
8/17/2012	8	20	24	35	56	24
8/14/2012	15	23	34	39	55	32
8/10/2012	10	18	36	38	44	8
8/7/2012	30	32	33	42	48	7
8/3/2012	2	10	13	38	46	2
7/31/2012	5	18	21	29	41	37
7/27/2012	2	3	4	8	43	26
7/24/2012	5	9	38	46	51	5
7/20/2012	2	44	48	50	52	3
7/17/2012	1	13	21	49	55	17
7/13/2012	6	7	13	24	46	34
7/10/2012	3	11	19	23	36	21
7/6/2012	20	23	28	35	39	21
7/3/2012	3	4	24	36	52	45
6/29/2012	28	34	39	45	53	34
6/26/2012	3	16	23	35	36	20
6/22/2012	10	16	19	32	36	13
6/19/2012	11	21	27	30	53	11
6/15/2012	8	12	18	30	40	4
6/12/2012	2	9	17	34	50	45
6/8/2012	4	9	34	40	48	25
6/5/2012	37	39	42	53	55	22
6/1/2012	2	27	38	46	52	45
5/29/2012	2	14	29	53	55	31
5/25/2012	9	15	21	40	54	11
5/22/2012	10	14	35	43	52	16
5/18/2012	3	11	22	34	49	1
5/15/2012	10	11	12	14	24	6
5/11/2012	3	15	29	35	54	8
5/8/2012	2	6	8	18	51	19
5/4/2012	4	11	21	42	53	38
5/1/2012	24	27	31	45	52	38
4/27/2012	2	5	45	46	47	37
4/24/2012	3	9	15	37	38	39
4/20/2012	14	23	26	33	35	40
4/17/2012	1	16	24	32	48	2
4/13/2012	9	14	17	36	42	33
4/10/2012	2	6	12	31	48	25
4/6/2012	2	19	20	24	33	39
4/3/2012	11	35	38	41	52	40
3/30/2012	2	4	23	38	46	23
3/27/2012	9	19	34	44	51	24
3/23/2012	6	17	19	20	21	20
3/20/2012	1	4	6	11	14	30
3/16/2012	28	29	43	51	53	7
3/13/2012	2	8	30	36	48	31
3/9/2012	9	10	27	36	42	11
3/6/2012	20	24	31	33	36	44
3/2/2012	16	29	48	52	54	5
2/28/2012	6	15	29	39	51	36
2/24/2012	1	16	18	25	27	3
2/21/2012	9	30	39	42	47	37
2/17/2012	16	25	28	32	40	3
2/14/2012	3	5	10	26	27	27
2/10/2012	3	4	18	29	50	20
2/7/2012	17	23	30	37	45	4
2/3/2012	7	19	21	49	53	35
1/31/2012	9	17	18	28	43	9
1/27/2012	3	5	30	36	48	23
1/24/2012	10	22	24	36	49	33
1/20/2012	1	9	28	38	47	8
1/17/2012	3	15	31	36	53	27
1/13/2012	10	27	28	37	51	19
1/10/2012	4	10	16	38	48	34
1/6/2012	9	17	28	34	48	46
1/3/2012	2	3	15	22	36	23
12/30/2011	4	24	45	46	52	1
12/27/2011	23	32	33	39	43	8
12/23/2011	3	5	8	18	29	14
12/20/2011	20	24	27	45	51	31
12/16/2011	2	4	26	36	39	27
12/13/2011	5	6	22	26	41	6
12/9/2011	4	12	29	49	51	44
12/6/2011	7	21	29	35	49	39
12/2/2011	24	30	48	51	56	45
11/29/2011	17	29	43	48	52	36
11/25/2011	22	28	42	49	54	43
11/22/2011	4	16	23	33	48	38
11/18/2011	4	13	33	39	55	3
11/15/2011	3	6	24	30	33	21
11/11/2011	2	16	22	29	50	27
11/8/2011	5	31	45	47	54	4
11/4/2011	26	30	32	33	44	1
11/1/2011	27	31	39	40	46	36
10/28/2011	13	31	49	52	56	41
10/25/2011	13	33	40	44	46	8
10/21/2011	6	21	35	37	38	17
10/18/2011	24	25	45	47	53	42
10/14/2011	13	35	42	45	54	26
10/11/2011	25	34	38	44	56	27
10/7/2011	5	15	19	23	38	19
10/4/2011	3	26	40	45	52	11
9/30/2011	3	19	21	44	45	29
9/27/2011	2	20	28	36	45	37
9/23/2011	21	27	32	40	52	36
9/20/2011	6	29	38	50	51	39
9/16/2011	6	23	41	45	56	24
9/13/2011	22	31	43	48	56	45
9/9/2011	7	12	19	23	31	45
9/6/2011	1	36	38	42	49	19
9/2/2011	25	44	48	49	55	20
8/30/2011	2	22	25	28	50	18
8/26/2011	2	3	27	30	47	36
8/23/2011	11	21	44	48	49	23
8/19/2011	5	15	53	54	56	22
8/16/2011	4	38	41	42	43	44
8/12/2011	9	43	51	54	55	13
8/9/2011	11	19	39	45	54	15
8/5/2011	6	24	28	33	42	19
8/2/2011	14	17	19	20	32	28
7/29/2011	8	10	22	47	48	35
7/26/2011	20	25	35	52	55	10
7/22/2011	23	31	32	39	56	38
7/19/2011	2	9	10	16	35	40
7/15/2011	16	29	30	46	56	6
7/12/2011	3	9	11	44	49	9
7/8/2011	1	2	22	37	50	45
7/5/2011	1	10	13	18	46	19
7/1/2011	12	17	30	35	47	26
6/28/2011	12	17	27	47	48	33
6/24/2011	10	14	40	49	51	4
6/21/2011	11	24	25	31	46	17
6/17/2011	12	29	46	47	51	24
6/14/2011	9	10	20	51	53	24
6/10/2011	18	21	27	37	38	7
6/7/2011	29	32	35	47	52	13
6/3/2011	20	23	41	49	53	31
5/31/2011	28	30	31	37	55	13
5/27/2011	5	7	14	28	56	10
5/24/2011	9	12	21	42	43	42
5/20/2011	10	17	19	45	48	30
5/17/2011	1	2	17	25	48	45
5/13/2011	3	33	39	47	53	9
5/10/2011	11	16	34	40	51	34
5/6/2011	6	18	26	37	41	9
5/3/2011	1	16	29	36	50	16
4/29/2011	9	10	11	33	51	29
4/26/2011	19	29	32	38	55	15
4/22/2011	3	18	46	51	53	17
4/19/2011	20	24	32	45	51	43
4/15/2011	22	23	33	39	48	29
4/12/2011	10	23	39	41	45	15
4/8/2011	6	40	45	50	56	11
4/5/2011	1	19	20	31	36	9
4/1/2011	13	14	35	36	53	19
3/29/2011	6	15	23	34	38	43
3/25/2011	22	24	31	52	54	4
3/22/2011	1	14	35	50	53	43
3/18/2011	14	33	34	54	56	37
3/15/2011	10	11	12	28	43	45
3/11/2011	14	19	21	42	45	6
3/8/2011	3	17	19	41	55	24
3/4/2011	8	10	15	23	41	7
3/1/2011	1	12	19	20	47	25
2/25/2011	4	5	17	19	50	7
2/22/2011	15	22	23	48	55	31
2/18/2011	5	6	7	30	45	42
2/15/2011	17	18	24	35	39	18
2/11/2011	8	9	17	32	34	13
2/8/2011	25	35	36	47	48	18
2/4/2011	6	20	29	48	55	6
2/1/2011	16	22	23	26	35	31
1/28/2011	14	33	48	49	50	18
1/25/2011	5	8	31	46	50	4
1/21/2011	5	9	21	35	38	20
1/18/2011	4	27	29	38	45	5
1/14/2011	2	15	17	33	35	8
1/11/2011	1	4	11	16	45	37
1/7/2011	4	22	42	46	53	20
1/4/2011	4	8	15	25	47	42
12/31/2010	10	12	13	35	56	9
12/28/2010	6	18	36	40	49	7
12/24/2010	15	16	27	40	52	16
12/21/2010	8	11	12	31	32	29
12/17/2010	11	20	26	46	53	12
12/14/2010	18	22	25	31	38	29
12/10/2010	23	27	33	44	46	36
12/7/2010	4	38	45	53	54	9
12/3/2010	6	11	12	18	56	12
11/30/2010	11	16	19	47	53	2
11/26/2010	5	9	34	43	47	8
11/23/2010	2	6	12	34	35	33
11/19/2010	7	14	31	51	54	35
11/16/2010	1	26	27	39	46	21
11/12/2010	9	26	28	35	38	10
11/9/2010	8	26	28	33	53	11
11/5/2010	19	25	34	46	53	15
11/2/2010	1	3	12	16	54	46
10/29/2010	4	19	26	28	39	14
10/26/2010	15	21	30	31	32	26
10/22/2010	2	7	18	32	53	18
10/19/2010	2	9	14	37	42	41
10/15/2010	9	10	13	31	50	10
10/12/2010	10	31	36	37	43	15
10/8/2010	24	29	37	48	50	19
10/5/2010	10	19	24	37	44	27
10/1/2010	3	8	21	28	52	43
9/28/2010	2	10	13	36	38	18
9/24/2010	2	28	38	42	55	25
9/21/2010	3	20	43	47	52	26
9/17/2010	3	4	14	18	27	13
9/14/2010	6	14	50	55	56	1
9/10/2010	11	12	17	21	23	20
9/7/2010	8	18	22	24	38	23
9/3/2010	10	13	20	28	36	9
8/31/2010	10	20	29	47	48	38
8/27/2010	4	10	26	32	41	31
8/24/2010	4	23	24	28	32	31
8/20/2010	4	13	20	29	48	36
8/17/2010	11	19	40	43	44	33
8/13/2010	6	17	24	43	55	36
8/10/2010	2	14	26	50	56	12
8/6/2010	7	13	30	33	54	30
8/3/2010	4	13	20	22	56	32
7/30/2010	11	30	40	48	52	42
7/27/2010	2	7	10	16	29	8
7/23/2010	16	19	39	44	49	26
7/20/2010	12	18	28	36	43	19
7/16/2010	2	15	18	20	39	34
7/13/2010	7	11	14	15	34	14
7/9/2010	1	31	33	34	50	41
7/6/2010	8	18	45	47	50	36
7/2/2010	1	10	12	32	36	25
6/29/2010	3	4	15	27	37	35
6/25/2010	1	2	13	19	27	21
6/22/2010	12	17	21	23	30	24
6/18/2010	11	36	37	41	55	7
6/15/2010	4	12	13	21	27	46
6/11/2010	6	13	33	34	42	25
6/8/2010	12	18	28	48	54	6
6/4/2010	12	13	15	17	50	23
6/1/2010	12	27	44	45	51	30
5/28/2010	3	11	20	29	39	26
5/25/2010	5	14	17	19	24	25
5/21/2010	15	20	23	26	30	17
5/18/2010	11	13	19	37	40	26
5/14/2010	20	21	40	47	56	12
5/11/2010	26	33	43	46	54	9
5/7/2010	2	7	20	34	50	40
5/4/2010	9	21	31	36	43	8
4/30/2010	14	20	41	47	53	40
4/27/2010	23	37	41	50	55	6
4/23/2010	19	26	28	37	52	18
4/20/2010	5	8	10	34	42	25
4/16/2010	10	16	31	48	50	44
4/13/2010	3	12	27	39	47	32
4/9/2010	15	18	39	48	53	3
4/6/2010	16	43	44	52	56	26
4/2/2010	2	17	22	30	31	19
3/30/2010	1	11	24	38	44	41
3/26/2010	23	41	46	47	52	22
3/23/2010	3	25	28	29	40	13
3/19/2010	10	31	45	50	54	25
3/16/2010	3	22	48	52	56	13
3/12/2010	2	15	25	48	53	41
3/9/2010	14	16	18	19	29	16
3/5/2010	11	31	34	44	52	32
3/2/2010	9	12	47	48	56	25
2/26/2010	4	14	29	54	56	40
2/23/2010	4	16	36	40	53	18
2/19/2010	1	22	39	42	46	36
2/16/2010	11	12	21	29	45	5
2/12/2010	14	16	17	33	47	23
2/9/2010	2	17	20	26	48	12
2/5/2010	10	20	45	51	53	41
2/2/2010	6	7	26	27	49	9
1/29/2010	1	10	22	23	38	19
1/26/2010	7	8	38	39	48	22
1/22/2010	8	13	27	28	52	9
1/19/2010	4	5	34	38	41	18
1/15/2010	4	7	19	21	38	29
1/12/2010	5	9	31	37	56	16
1/8/2010	18	20	31	36	43	33
1/5/2010	13	28	39	50	55	10
1/1/2010	6	8	27	40	41	21
12/29/2009	2	5	29	35	51	3
12/25/2009	4	16	44	52	54	20
12/22/2009	3	33	35	39	45	13
12/18/2009	10	20	30	44	49	24
12/15/2009	27	31	32	36	47	35
12/11/2009	2	21	27	34	44	45
12/8/2009	20	23	28	30	46	29
12/4/2009	4	33	41	51	56	38
12/1/2009	17	30	39	52	53	21
11/27/2009	12	25	37	39	45	11
11/24/2009	10	11	35	37	50	12
11/20/2009	3	4	7	16	56	39
11/17/2009	8	22	27	49	50	28
11/13/2009	27	43	45	49	54	44
11/10/2009	8	21	29	34	37	15
11/6/2009	7	11	27	40	46	8
11/3/2009	5	18	23	31	38	20
10/30/2009	4	15	17	29	38	20
10/27/2009	7	13	37	46	51	2
10/23/2009	27	45	48	54	56	2
10/20/2009	13	17	25	45	55	8
10/16/2009	10	13	18	33	51	43
10/13/2009	17	31	34	45	51	24
10/9/2009	3	14	21	24	51	14
10/6/2009	9	33	51	53	56	39
10/2/2009	15	24	51	53	55	11
9/29/2009	2	21	25	45	50	21
9/25/2009	7	27	42	49	52	19
9/22/2009	26	29	33	39	46	24
9/18/2009	18	27	31	36	52	33
9/15/2009	29	30	32	35	41	39
9/11/2009	16	27	48	49	54	2
9/8/2009	4	10	18	28	50	35
9/4/2009	2	4	6	21	44	37
9/1/2009	2	9	28	51	53	19
8/28/2009	1	17	31	37	54	31
8/25/2009	3	12	19	22	40	2
8/21/2009	9	38	44	48	49	13
8/18/2009	4	5	26	37	56	25
8/14/2009	8	22	25	33	35	46
8/11/2009	6	12	15	32	42	40
8/7/2009	7	18	35	45	56	3
8/4/2009	1	28	34	42	50	27
7/31/2009	17	35	44	52	56	22
7/28/2009	4	17	24	25	48	34
7/24/2009	3	6	43	51	52	36
7/21/2009	3	8	21	50	52	2
7/17/2009	8	17	40	47	50	13
7/14/2009	20	29	35	45	53	41
7/10/2009	5	10	26	27	28	4
7/7/2009	25	27	35	38	39	28
7/3/2009	5	6	7	11	25	31
6/30/2009	7	34	49	54	55	34
6/26/2009	11	15	17	29	46	16
6/23/2009	12	14	16	31	50	9
6/19/2009	4	9	12	16	46	44
6/16/2009	9	15	21	26	45	25
6/12/2009	6	11	20	32	44	38
6/9/2009	5	17	31	36	56	46
6/5/2009	5	20	38	41	52	20
6/2/2009	9	13	26	30	35	33
5/29/2009	23	30	36	39	48	34
5/26/2009	9	18	21	37	55	33
5/22/2009	3	29	34	42	49	29
5/19/2009	2	4	9	15	42	13
5/15/2009	7	12	24	36	48	27
5/12/2009	4	8	10	14	51	31
5/8/2009	12	27	29	32	34	34
5/5/2009	5	23	38	39	54	3
5/1/2009	9	16	24	40	43	35
4/28/2009	15	20	24	36	44	6
4/24/2009	9	20	21	48	49	7
4/21/2009	5	24	37	47	52	6
4/17/2009	5	13	26	35	45	32
4/14/2009	4	11	22	48	50	42
4/10/2009	18	25	36	42	51	22
4/7/2009	2	4	13	17	36	15
4/3/2009	16	22	38	39	48	42
3/31/2009	14	39	47	48	53	29
3/27/2009	10	15	24	38	50	19
3/24/2009	4	25	34	43	44	45
3/20/2009	15	16	20	39	40	26
3/17/2009	9	15	24	28	31	17
3/13/2009	10	12	26	46	50	23
3/10/2009	2	27	31	39	40	23
3/6/2009	11	18	37	46	55	45
3/3/2009	26	32	35	43	52	10
2/27/2009	24	37	44	50	56	35
2/24/2009	1	27	28	35	40	6
2/20/2009	21	28	41	45	55	24
2/17/2009	1	9	23	27	33	24
2/13/2009	25	36	37	40	51	20
2/10/2009	18	29	38	43	47	7
2/6/2009	2	12	18	28	31	3
2/3/2009	4	15	29	43	56	29
1/30/2009	13	16	19	53	55	2
1/27/2009	3	11	12	14	21	25
1/23/2009	2	17	20	27	28	7
1/20/2009	1	9	10	35	46	9
1/16/2009	2	4	21	39	51	29
1/13/2009	22	25	33	36	48	40
1/9/2009	23	25	30	45	50	8
1/6/2009	3	11	12	19	33	30
1/2/2009	2	11	19	21	34	38
12/30/2008	1	22	29	44	52	39
12/26/2008	6	19	29	33	37	31
12/23/2008	1	8	13	27	41	45
12/19/2008	3	13	16	39	54	32
12/16/2008	10	14	16	29	40	6
12/12/2008	10	16	19	27	48	25
12/9/2008	11	12	26	31	33	27
12/5/2008	21	27	46	52	55	14
12/2/2008	2	17	22	32	51	35
11/28/2008	10	30	44	46	48	44
11/25/2008	2	11	22	51	52	46
11/21/2008	1	22	52	53	56	45
11/18/2008	10	15	22	52	53	12
11/14/2008	3	18	19	30	34	3
11/11/2008	5	27	38	42	55	41
11/7/2008	14	24	32	43	44	21
11/4/2008	10	21	23	41	55	9
10/31/2008	2	7	17	29	47	40
10/28/2008	6	39	45	46	48	36
10/24/2008	5	33	34	47	52	18
10/21/2008	16	19	39	42	44	38
10/17/2008	7	15	27	28	31	35
10/14/2008	14	35	41	42	51	23
10/10/2008	14	15	43	46	48	21
10/7/2008	2	25	35	38	42	34
10/3/2008	13	28	32	41	52	16
9/30/2008	9	30	35	39	49	36
9/26/2008	6	13	14	31	36	36
9/23/2008	9	32	34	43	52	4
9/19/2008	2	9	41	48	51	37
9/16/2008	13	24	39	51	52	44
9/12/2008	1	12	14	25	35	38
9/9/2008	22	23	28	49	52	2
9/5/2008	1	6	15	27	46	39
9/2/2008	14	23	43	44	54	39
8/29/2008	21	25	26	50	51	22
8/26/2008	6	16	24	34	36	30
8/22/2008	12	13	15	41	42	37
8/19/2008	9	18	19	26	40	38
8/15/2008	8	23	29	30	53	7
8/12/2008	2	7	23	38	40	40
8/8/2008	11	17	28	32	50	33
8/5/2008	9	21	36	38	55	13
8/1/2008	9	13	17	18	56	2
7/29/2008	11	13	20	30	42	3
7/25/2008	2	16	19	35	52	17
7/22/2008	2	16	23	29	32	46
7/18/2008	17	29	36	53	55	26
7/15/2008	19	24	34	45	51	40
7/11/2008	5	14	16	39	51	34
7/8/2008	1	20	22	29	41	35
7/4/2008	1	3	12	19	20	28
7/1/2008	1	22	33	43	52	36
6/27/2008	8	14	22	39	50	44
6/24/2008	10	22	36	50	53	39
6/20/2008	11	17	25	36	42	13
6/17/2008	5	14	25	47	49	36
6/13/2008	8	9	14	38	44	36
6/10/2008	3	5	15	43	51	11
6/6/2008	8	9	43	44	54	27
6/3/2008	4	19	24	32	54	5
5/30/2008	39	40	47	53	55	32
5/27/2008	14	24	32	45	49	17
5/23/2008	4	8	11	22	30	4
5/20/2008	2	14	26	32	41	32
5/16/2008	6	11	39	46	47	26
5/13/2008	20	24	27	31	47	15
5/9/2008	16	31	43	46	56	22
5/6/2008	4	21	46	53	54	26
5/2/2008	8	28	37	53	55	26
4/29/2008	19	24	35	44	51	26
4/25/2008	19	32	37	45	52	41
4/22/2008	3	22	31	48	54	9
4/18/2008	24	28	36	50	53	29
4/15/2008	12	13	27	48	50	30
4/11/2008	14	18	27	31	42	7
4/8/2008	8	9	31	37	44	38
4/4/2008	3	5	40	45	49	17
4/1/2008	4	17	26	46	56	25
3/28/2008	7	26	27	40	43	10
3/25/2008	38	42	43	48	53	12
3/21/2008	5	8	17	19	41	21
3/18/2008	13	15	20	25	44	37
3/14/2008	3	12	18	25	52	21
3/11/2008	4	13	35	41	47	44
3/7/2008	19	32	33	41	48	12
3/4/2008	7	15	30	33	56	22
2/29/2008	5	17	22	26	55	38
2/26/2008	9	12	30	36	55	15
2/22/2008	7	12	13	19	22	10
2/19/2008	1	38	42	55	56	34
2/15/2008	7	11	26	30	53	14
2/12/2008	14	27	39	47	50	12
2/8/2008	21	30	43	46	50	18
2/5/2008	4	5	17	40	51	38
2/1/2008	3	14	30	44	56	5
1/29/2008	8	23	39	40	42	24
1/25/2008	5	12	22	38	56	22
1/22/2008	12	15	22	25	33	2
1/18/2008	12	22	33	43	44	15
1/15/2008	21	30	42	44	50	6
1/11/2008	22	36	42	45	55	42
1/8/2008	10	29	45	52	54	10
1/4/2008	24	31	39	40	56	32
1/1/2008	13	16	25	30	54	11
12/28/2007	2	19	22	28	54	25
12/25/2007	19	36	37	48	52	8
12/21/2007	14	19	20	43	53	7
12/18/2007	3	23	46	48	49	2
12/14/2007	4	7	12	17	30	44
12/11/2007	6	25	27	30	45	46
12/7/2007	12	18	26	28	51	35
12/4/2007	16	27	30	45	53	43
11/30/2007	5	6	12	26	51	7
11/27/2007	9	10	26	29	39	10
11/23/2007	18	21	33	42	56	11
11/20/2007	14	20	23	42	43	6
11/16/2007	12	13	30	31	39	29
11/13/2007	15	26	36	39	40	45
11/9/2007	11	33	41	42	46	21
11/6/2007	3	17	43	46	47	2
11/2/2007	1	3	34	49	52	19
10/30/2007	2	8	44	46	51	22
10/26/2007	12	20	24	38	51	3
10/23/2007	2	7	45	52	53	18
10/19/2007	5	15	18	23	46	14
10/16/2007	1	2	5	41	44	25
10/12/2007	21	26	34	44	54	23
10/9/2007	1	10	17	32	51	44
10/5/2007	10	19	37	40	48	1
10/2/2007	28	37	40	43	44	20
9/28/2007	4	13	20	25	33	42
9/25/2007	2	19	23	47	54	16
9/21/2007	5	21	23	33	45	43
9/18/2007	20	24	31	34	49	8
9/14/2007	5	9	12	33	40	27
9/11/2007	9	10	17	21	35	6
9/7/2007	14	19	27	34	48	3
9/4/2007	3	6	11	42	46	38
8/31/2007	8	18	22	40	44	11
8/28/2007	37	40	48	53	56	44
8/24/2007	4	21	46	51	53	5
8/21/2007	8	38	54	55	56	2
8/17/2007	2	8	33	38	53	12
8/14/2007	5	8	9	24	34	17
8/10/2007	10	20	32	33	54	39
8/7/2007	36	41	50	55	56	9
8/3/2007	16	29	42	46	51	40
7/31/2007	5	18	37	39	43	42
7/27/2007	7	12	35	54	55	2
7/24/2007	8	17	20	23	50	17
7/20/2007	6	13	30	41	52	26
7/17/2007	16	30	38	46	51	5
7/13/2007	7	39	41	48	53	21
7/10/2007	19	24	30	34	56	19
7/6/2007	3	9	12	25	47	37
7/3/2007	21	35	37	39	40	35
6/29/2007	1	17	40	51	52	7
6/26/2007	4	10	20	29	45	21
6/22/2007	11	14	21	24	31	23
6/19/2007	5	16	31	49	54	19
6/15/2007	1	5	16	26	30	21
6/12/2007	3	13	19	31	50	21
6/8/2007	6	26	29	31	39	31
6/5/2007	27	35	38	49	56	15
6/1/2007	12	19	29	32	48	9
5/29/2007	2	24	44	51	54	7
5/25/2007	10	14	22	42	43	1
5/22/2007	2	7	11	22	36	35
5/18/2007	13	23	24	30	44	5
5/15/2007	6	13	42	46	56	42
5/11/2007	28	30	33	48	54	25
5/8/2007	16	24	41	43	54	36
5/4/2007	4	9	20	45	55	34
5/1/2007	11	16	31	52	53	42
4/27/2007	5	7	26	38	56	15
4/24/2007	8	10	35	36	43	14
4/20/2007	1	9	10	23	53	40
4/17/2007	1	4	11	31	47	37
4/13/2007	11	14	21	25	26	33
4/10/2007	7	15	16	19	28	10
4/6/2007	24	32	34	36	39	6
4/3/2007	16	26	33	34	46	38
3/30/2007	15	23	37	48	53	22
3/27/2007	18	25	34	35	42	6
3/23/2007	18	21	35	51	53	36
3/20/2007	7	21	46	49	55	15
3/16/2007	17	25	36	40	43	9
3/13/2007	7	11	16	38	49	35
3/9/2007	10	13	25	42	43	30
3/6/2007	16	22	29	39	42	20
3/2/2007	14	21	33	35	51	43
2/27/2007	18	31	44	45	48	18
2/23/2007	3	18	21	38	50	43
2/20/2007	1	9	26	46	51	11
2/16/2007	17	35	40	46	48	41
2/13/2007	3	9	24	29	41	41
2/9/2007	32	39	46	48	49	41
2/6/2007	16	21	35	36	46	38
2/2/2007	22	33	35	40	53	15
1/30/2007	14	18	44	52	56	25
1/26/2007	16	17	36	49	54	14
1/23/2007	3	5	15	26	53	35
1/19/2007	4	28	30	31	35	17
1/16/2007	4	8	15	33	52	10
1/12/2007	12	14	26	40	42	22
1/9/2007	7	11	26	38	54	13
1/5/2007	2	12	44	46	51	6
1/2/2007	9	10	38	51	53	1
12/29/2006	3	4	10	39	50	29
12/26/2006	7	12	25	44	53	3
12/22/2006	5	12	15	25	34	43
12/19/2006	9	32	37	42	48	7
12/15/2006	6	7	17	28	40	39
12/12/2006	20	30	31	35	49	23
12/8/2006	1	15	29	32	45	8
12/5/2006	6	9	13	43	46	45
12/1/2006	16	22	23	37	53	35
11/28/2006	7	14	24	41	56	7
11/24/2006	14	35	40	47	48	35
11/21/2006	7	13	20	42	47	9
11/17/2006	5	19	25	30	50	42
11/14/2006	9	20	24	25	36	23
11/10/2006	11	42	52	53	55	28
11/7/2006	13	22	33	51	52	42
11/3/2006	8	10	22	25	55	22
10/31/2006	5	34	40	45	46	21
10/27/2006	15	22	26	30	32	31
10/24/2006	5	25	41	48	51	35
10/20/2006	9	13	23	29	54	34
10/17/2006	6	18	20	28	38	37
10/13/2006	24	27	42	47	50	8
10/10/2006	14	30	35	40	43	2
10/6/2006	1	11	20	21	46	18
10/3/2006	6	19	32	33	40	39
9/29/2006	3	25	43	45	55	40
9/26/2006	3	6	38	42	45	30
9/22/2006	7	12	17	22	43	16
9/19/2006	2	19	44	45	56	43
9/15/2006	6	26	33	39	55	1
9/12/2006	3	16	25	30	44	42
9/8/2006	9	17	34	52	53	2
9/5/2006	1	32	36	42	53	4
9/1/2006	5	6	51	53	55	12
8/29/2006	15	25	37	38	52	4
8/25/2006	17	24	35	46	54	33
8/22/2006	3	4	5	7	36	16
8/18/2006	5	12	13	46	50	10
8/15/2006	10	12	22	44	48	16
8/11/2006	14	16	38	40	49	29
8/8/2006	1	5	13	18	33	30
8/4/2006	2	24	31	50	55	44
8/1/2006	14	29	32	43	49	14
7/28/2006	2	13	23	32	35	4
7/25/2006	7	21	24	41	51	10
7/21/2006	18	26	35	36	43	24
7/18/2006	12	13	29	49	52	20
7/14/2006	13	25	26	28	56	39
7/11/2006	5	14	34	36	52	42
7/7/2006	7	15	27	46	56	39
7/4/2006	9	15	31	42	45	41
6/30/2006	20	40	46	48	54	27
6/27/2006	2	14	20	29	44	32
6/23/2006	13	17	24	34	56	24
6/20/2006	11	21	37	53	54	12
6/16/2006	27	30	36	38	45	13
6/13/2006	1	20	23	24	33	29
6/9/2006	8	17	18	26	47	37
6/6/2006	5	29	35	52	53	9
6/2/2006	3	10	18	36	38	41
5/30/2006	2	13	28	34	45	36
5/26/2006	12	14	20	47	48	24
5/23/2006	17	21	28	48	54	1
5/19/2006	5	12	31	51	56	1
5/16/2006	7	24	40	48	50	15
5/12/2006	6	36	39	45	52	45
5/9/2006	7	15	24	43	44	22
5/5/2006	8	20	39	53	55	10
5/2/2006	7	11	22	27	31	33
4/28/2006	16	29	32	36	55	12
4/25/2006	1	20	32	37	39	9
4/21/2006	2	4	7	27	41	4
4/18/2006	13	14	25	34	50	6
4/14/2006	8	10	18	29	33	10
4/11/2006	2	12	45	46	56	20
4/7/2006	1	18	31	46	52	37
4/4/2006	9	25	48	51	56	7
3/31/2006	4	7	19	50	52	15
3/28/2006	14	18	35	39	49	14
3/24/2006	1	2	17	47	49	19
3/21/2006	4	16	17	28	31	8
3/17/2006	8	11	23	48	52	5
3/14/2006	27	28	30	42	50	22
3/10/2006	4	17	18	51	54	31
3/7/2006	15	27	36	38	42	32
3/3/2006	25	29	38	39	46	4
2/28/2006	2	4	35	36	48	22
2/24/2006	3	5	12	16	34	27
2/21/2006	14	23	27	36	45	36
2/17/2006	16	25	31	43	46	28
2/14/2006	27	36	43	49	54	33
2/10/2006	24	39	40	43	46	2
2/7/2006	2	16	25	30	48	26
2/3/2006	29	31	32	41	52	42
1/31/2006	1	35	53	54	56	44
1/27/2006	2	7	8	18	29	46
1/24/2006	31	34	36	51	55	4
1/20/2006	18	22	28	44	53	46
1/17/2006	24	32	37	39	40	44
1/13/2006	5	21	27	44	53	36
1/10/2006	7	27	32	37	38	30
1/6/2006	8	11	28	37	53	12
1/3/2006	15	19	20	32	38	21
12/30/2005	14	20	25	40	44	37
12/27/2005	11	24	27	49	55	23
12/23/2005	10	37	39	49	54	8
12/20/2005	6	20	23	40	56	36
12/16/2005	14	25	26	31	56	17
12/13/2005	9	10	12	22	41	4
12/9/2005	14	15	31	32	43	20
12/6/2005	6	10	26	30	33	16
12/2/2005	3	12	21	38	44	45
11/29/2005	7	8	47	51	52	5
11/25/2005	5	25	31	33	34	41
11/22/2005	9	22	37	41	43	30
11/18/2005	8	18	21	42	46	11
11/15/2005	2	4	5	40	48	7
11/11/2005	9	14	34	50	51	40
11/8/2005	8	16	21	25	27	16
11/4/2005	7	9	41	53	54	38
11/1/2005	5	18	21	28	36	20
10/28/2005	8	17	25	28	53	1
10/25/2005	7	12	18	31	55	30
10/21/2005	11	17	28	29	36	42
10/18/2005	3	12	16	32	33	15
10/14/2005	6	20	24	25	34	44
10/11/2005	24	30	42	53	54	20
10/7/2005	2	4	23	27	36	37
10/4/2005	12	24	28	29	36	41
9/30/2005	1	3	14	30	52	10
9/27/2005	14	17	26	27	28	5
9/23/2005	6	7	20	41	51	38
9/20/2005	35	36	40	42	52	45
9/16/2005	5	16	41	46	50	1
9/13/2005	13	24	44	48	52	30
9/9/2005	15	28	43	51	52	11
9/6/2005	1	8	27	31	50	40
9/2/2005	1	4	14	45	53	33
8/30/2005	19	32	42	49	56	29
8/26/2005	5	20	38	47	54	35
8/23/2005	6	7	8	13	40	12
8/19/2005	2	13	18	36	46	36
8/16/2005	9	15	20	24	55	3
8/12/2005	8	37	38	45	54	21
8/9/2005	13	35	36	43	52	5
8/5/2005	3	5	48	50	53	4
8/2/2005	17	22	39	50	52	46
7/29/2005	4	16	23	25	40	22
7/26/2005	1	10	18	29	55	8
7/22/2005	7	18	27	35	54	34
7/19/2005	7	13	48	51	54	11
7/15/2005	9	13	25	36	48	2
7/12/2005	5	17	32	39	53	36
7/8/2005	9	23	45	48	50	3
7/5/2005	22	38	48	50	55	29
7/1/2005	14	25	41	42	50	40
6/28/2005	2	20	37	43	46	4
6/24/2005	14	43	44	50	56	7
6/21/2005	9	13	40	46	50	30
6/17/2005	16	35	40	49	50	34
6/14/2005	1	10	29	48	49	36
6/10/2005	14	29	31	37	50	34
6/7/2005	7	14	28	46	47	25
6/3/2005	4	6	14	28	47	42
5/31/2005	5	13	22	37	38	11
5/27/2005	7	17	22	34	50	24
5/24/2005	9	28	39	40	45	24
5/20/2005	3	6	27	40	44	9
5/17/2005	7	9	10	29	44	17
5/13/2005	21	23	27	33	39	8
5/10/2005	11	25	38	40	42	40
5/6/2005	7	12	25	50	51	19
5/3/2005	7	17	42	46	52	47
4/29/2005	2	5	7	28	46	21
4/26/2005	18	22	33	34	42	16
4/22/2005	23	25	43	46	49	26
4/19/2005	5	6	14	42	47	3
4/15/2005	25	26	37	39	49	29
4/12/2005	15	20	43	47	50	24
4/8/2005	5	13	17	33	35	35
4/5/2005	4	19	45	51	52	22
4/1/2005	11	19	28	32	45	10
3/29/2005	7	17	18	30	42	38
3/25/2005	11	18	19	45	49	2
3/22/2005	6	11	27	37	43	34
3/18/2005	2	9	28	29	48	33
3/15/2005	14	26	27	34	44	27
3/11/2005	18	19	31	35	36	17
3/8/2005	8	14	15	22	31	13
3/4/2005	7	10	13	35	39	21
3/1/2005	1	8	18	39	48	1
2/25/2005	4	13	37	38	50	24
2/22/2005	15	18	28	41	45	27
2/18/2005	1	19	31	35	42	34
2/15/2005	3	16	20	21	38	10
2/11/2005	6	14	21	24	50	28
2/8/2005	8	11	14	23	25	21
2/4/2005	3	12	14	30	52	34
2/1/2005	3	17	21	42	44	35
1/28/2005	25	31	39	47	52	43
1/25/2005	2	10	21	25	45	22
1/21/2005	17	27	39	40	41	21
1/18/2005	10	23	28	39	51	5
1/14/2005	15	19	24	40	47	50
1/11/2005	2	23	24	35	45	18
1/7/2005	2	8	14	15	51	38
1/4/2005	3	6	7	12	32	30
12/31/2004	10	14	45	47	51	20
12/28/2004	18	29	32	38	43	50
12/24/2004	9	20	22	41	42	10
12/21/2004	7	22	27	31	38	12
12/17/2004	16	34	38	42	47	1
12/14/2004	14	27	32	34	40	2
12/10/2004	22	23	37	42	47	15
12/7/2004	1	19	22	32	49	29
12/3/2004	12	32	37	41	52	13
11/30/2004	10	20	22	28	52	4
11/26/2004	7	9	18	37	43	34
11/23/2004	8	30	32	35	51	17
11/19/2004	1	12	24	36	51	38
11/16/2004	9	10	27	28	30	18
11/12/2004	5	31	33	35	51	1
11/9/2004	11	20	26	28	52	7
11/5/2004	3	29	30	41	43	1
11/2/2004	24	32	42	49	50	3
10/29/2004	10	18	26	31	41	48
10/26/2004	14	25	39	43	49	27
10/22/2004	3	7	20	24	43	36
10/19/2004	6	13	19	34	50	33
10/15/2004	4	8	24	30	36	25
10/12/2004	4	18	19	39	51	13
10/8/2004	16	17	21	33	41	6
10/5/2004	8	34	39	48	49	47
10/1/2004	8	10	17	24	39	52
9/28/2004	1	18	39	42	50	35
9/24/2004	11	26	30	49	50	52
9/21/2004	1	3	15	19	29	39
9/17/2004	3	16	25	38	49	4
9/14/2004	12	35	37	38	50	49
9/10/2004	11	17	27	45	52	5
9/7/2004	13	30	36	38	51	35
9/3/2004	4	14	34	38	44	10
8/31/2004	14	15	25	42	44	3
8/27/2004	5	25	38	46	47	14
8/24/2004	2	5	21	47	50	46
8/20/2004	12	17	34	37	39	34
8/17/2004	22	23	26	28	36	10
8/13/2004	14	31	41	45	48	20
8/10/2004	18	25	29	31	44	33
8/6/2004	4	23	33	38	49	7
8/3/2004	1	2	13	16	22	31
7/30/2004	16	19	21	34	35	22
7/27/2004	8	10	11	13	24	46
7/23/2004	5	12	25	35	37	12
7/20/2004	6	15	21	32	44	13
7/16/2004	3	21	22	35	44	7
7/13/2004	13	31	37	39	52	38
7/9/2004	11	23	25	29	45	16
7/6/2004	6	7	8	31	48	19
7/2/2004	10	25	38	39	50	12
6/29/2004	10	13	19	28	38	1
6/25/2004	18	19	29	32	42	32
6/22/2004	9	10	17	41	52	19
6/18/2004	7	10	11	15	51	23
6/15/2004	18	23	27	29	44	24
6/11/2004	12	28	36	39	52	36
6/8/2004	17	24	29	37	45	43
6/4/2004	4	16	18	41	47	46
6/1/2004	7	16	17	26	48	15
5/28/2004	13	27	36	39	51	33
5/25/2004	5	18	34	36	39	43
5/21/2004	4	20	27	38	49	31
5/18/2004	2	36	44	46	51	45
5/14/2004	10	19	32	36	46	6
5/11/2004	9	25	30	34	37	30
5/7/2004	14	17	19	44	50	17
5/4/2004	3	15	29	37	39	40
4/30/2004	15	21	32	39	50	34
4/27/2004	1	10	17	23	35	45
4/23/2004	8	22	25	47	48	27
4/20/2004	12	22	37	46	48	49
4/16/2004	6	24	29	42	51	41
4/13/2004	13	36	39	50	51	34
4/9/2004	2	8	10	11	23	40
4/6/2004	8	17	29	32	39	49
4/2/2004	8	17	25	46	47	13
3/30/2004	3	27	31	41	45	33
3/26/2004	8	10	17	37	49	20
3/23/2004	12	22	35	39	46	32
3/19/2004	6	9	14	32	50	4
3/16/2004	3	28	45	49	51	52
3/12/2004	4	29	32	35	36	11
3/9/2004	16	23	29	36	51	49
3/5/2004	30	40	47	49	52	3
3/2/2004	25	30	35	40	50	4
2/27/2004	2	9	24	36	52	44
2/24/2004	6	11	43	49	52	21
2/20/2004	1	13	20	21	30	24
2/17/2004	2	8	34	36	52	21
2/13/2004	14	30	42	43	45	30
2/10/2004	3	7	10	22	32	23
2/6/2004	1	6	16	30	49	13
2/3/2004	9	21	26	35	41	17
1/30/2004	17	28	30	40	51	44
1/27/2004	6	10	20	38	50	27
1/23/2004	10	18	33	46	51	13
1/20/2004	5	7	14	21	45	36
1/16/2004	12	26	41	44	49	44
1/13/2004	3	17	18	21	45	21
1/9/2004	24	32	38	47	49	12
1/6/2004	7	13	15	25	32	9
1/2/2004	7	8	36	44	48	9
12/30/2003	12	18	21	32	46	49
12/26/2003	1	10	17	20	29	36
12/23/2003	2	13	21	22	49	52
12/19/2003	5	10	17	35	39	38
12/16/2003	16	24	31	46	47	47
12/12/2003	9	16	32	45	46	26
12/9/2003	4	14	15	24	48	41
12/5/2003	1	12	15	18	44	42
12/2/2003	10	13	24	34	49	4
11/28/2003	19	26	31	44	50	19
11/25/2003	22	32	37	40	41	52
11/21/2003	14	26	28	36	42	14
11/18/2003	4	11	25	30	52	36
11/14/2003	3	13	31	41	42	52
11/11/2003	2	5	17	21	22	43
11/7/2003	6	18	23	26	30	31
11/4/2003	16	24	43	44	45	22
10/31/2003	6	12	13	36	46	3
10/28/2003	6	9	20	40	47	26
10/24/2003	8	9	16	30	31	15
10/21/2003	18	34	46	51	52	38
10/17/2003	14	20	31	46	48	18
10/14/2003	18	19	21	33	40	29
10/10/2003	4	19	36	42	48	13
10/7/2003	1	2	22	40	41	43
10/3/2003	19	21	30	31	52	51
9/30/2003	2	26	37	40	46	49
9/26/2003	5	29	32	45	52	29
9/23/2003	5	16	24	49	51	28
9/19/2003	13	14	24	34	47	13
9/16/2003	15	20	24	30	46	42
9/12/2003	16	22	23	38	46	45
9/9/2003	14	15	30	39	46	30
9/5/2003	7	9	28	41	42	19
9/2/2003	22	26	27	32	39	14
8/29/2003	8	11	17	42	52	10
8/26/2003	9	28	42	44	49	47
8/22/2003	4	19	31	32	51	31
8/19/2003	7	11	24	28	52	16
8/15/2003	1	16	20	41	52	13
8/12/2003	8	11	18	35	51	26
8/8/2003	6	9	35	40	43	42
8/5/2003	7	32	34	38	44	49
8/1/2003	2	11	27	30	33	46
7/29/2003	1	17	19	32	42	33
7/25/2003	33	46	47	50	51	30
7/22/2003	1	5	31	38	47	3
7/18/2003	29	30	34	38	44	39
7/15/2003	1	26	33	43	48	22
7/11/2003	1	4	10	16	18	10
7/8/2003	2	9	27	29	35	18
7/4/2003	6	7	22	37	46	8
7/1/2003	28	32	39	45	48	31
6/27/2003	1	14	20	31	40	43
6/24/2003	2	26	43	44	47	31
6/20/2003	1	2	3	12	37	35
6/17/2003	27	31	34	40	52	1
6/13/2003	12	15	16	20	51	33
6/10/2003	14	15	23	32	52	37
6/6/2003	10	14	28	39	40	35
6/3/2003	4	20	25	29	32	20
5/30/2003	1	21	28	33	51	3
5/27/2003	10	11	17	20	26	3
5/23/2003	12	20	31	33	50	17
5/20/2003	2	16	36	44	49	3
5/16/2003	5	10	16	26	39	52
5/13/2003	17	20	47	49	50	34
5/9/2003	1	10	20	22	28	39
5/6/2003	5	14	32	44	52	24
5/2/2003	2	5	19	32	34	52
4/29/2003	6	8	9	33	35	32
4/25/2003	1	12	32	48	51	29
4/22/2003	3	9	15	28	52	7
4/18/2003	5	15	24	50	52	3
4/15/2003	16	29	31	39	52	21
4/11/2003	15	26	27	38	39	46
4/8/2003	8	10	24	38	45	6
4/4/2003	6	22	28	31	40	18
4/1/2003	7	12	26	45	47	36
3/28/2003	8	12	21	27	29	15
3/25/2003	15	21	37	40	42	7
3/21/2003	6	17	18	40	50	8
3/18/2003	13	14	16	29	49	29
3/14/2003	3	6	14	31	33	8
3/11/2003	10	15	26	28	39	10
3/7/2003	7	10	32	36	41	33
3/4/2003	2	26	36	37	41	22
2/28/2003	11	16	26	48	49	13
2/25/2003	2	4	6	37	47	38
2/21/2003	21	28	29	40	51	20
2/18/2003	12	22	29	42	50	11
2/14/2003	11	13	19	32	47	21
2/11/2003	18	20	23	48	49	10
2/7/2003	3	9	20	26	27	50
2/4/2003	5	12	16	22	24	48
1/31/2003	1	8	9	19	22	21
1/28/2003	13	24	26	32	47	34
1/24/2003	16	31	37	40	41	5
1/21/2003	4	41	48	50	51	23
1/17/2003	25	26	38	42	46	27
1/14/2003	30	39	41	47	52	27
1/10/2003	7	17	18	34	50	18
1/7/2003	15	16	28	34	51	33
1/3/2003	6	14	28	37	46	3
12/31/2002	8	21	29	42	51	34
12/27/2002	11	14	26	30	39	3
12/24/2002	8	24	39	43	52	43
12/20/2002	10	14	41	46	49	52
12/17/2002	3	7	21	29	49	46
12/13/2002	2	13	14	24	46	34
12/10/2002	3	5	9	16	31	28
12/6/2002	4	8	30	36	52	48
12/3/2002	1	15	19	40	51	26
11/29/2002	8	25	33	42	49	40
11/26/2002	3	21	27	31	43	34
11/22/2002	11	16	19	22	46	5
11/19/2002	7	16	20	40	52	8
11/15/2002	6	17	44	49	51	39
11/12/2002	3	28	45	48	50	24
11/8/2002	17	19	37	47	48	14
11/5/2002	2	7	16	28	36	47
11/1/2002	5	10	22	23	43	37
10/29/2002	9	10	14	41	49	35
10/25/2002	8	15	34	39	47	4
10/22/2002	16	20	26	36	48	32
10/18/2002	10	31	40	48	51	38
10/15/2002	6	20	27	34	51	22
10/11/2002	9	11	17	26	41	29
10/8/2002	18	34	43	47	50	25
10/4/2002	10	42	43	45	51	1
10/1/2002	7	21	30	32	37	15
9/27/2002	23	27	30	33	36	5
9/24/2002	8	32	34	42	50	21
9/20/2002	1	2	4	5	46	8
9/17/2002	7	10	19	26	44	5
9/13/2002	24	32	37	40	51	12
9/10/2002	4	6	10	21	25	21
9/6/2002	31	39	42	49	51	35
9/3/2002	8	23	36	49	51	10
8/30/2002	6	31	32	42	51	42
8/27/2002	2	5	11	18	45	22
8/23/2002	5	19	20	45	48	44
8/20/2002	2	13	20	23	43	6
8/16/2002	22	31	33	44	52	43
8/13/2002	3	10	15	18	25	52
8/9/2002	7	17	23	43	44	26
8/6/2002	2	6	38	40	50	14
8/2/2002	10	16	23	28	31	7
7/30/2002	2	6	22	27	44	1
7/26/2002	20	27	28	37	49	32
7/23/2002	10	12	29	32	38	7
7/19/2002	7	15	24	37	46	9
7/16/2002	10	24	35	49	52	47
7/12/2002	13	19	23	38	47	15
7/9/2002	26	29	31	44	48	40
7/5/2002	11	20	26	29	41	41
7/2/2002	14	22	32	35	44	6
6/28/2002	18	31	49	50	51	4
6/25/2002	4	18	21	27	41	50
6/21/2002	13	18	32	39	49	6
6/18/2002	6	13	18	27	45	18
6/14/2002	4	8	32	37	43	2
6/11/2002	5	6	9	33	44	52
6/7/2002	14	22	27	28	42	13
6/4/2002	3	25	29	30	48	48
5/31/2002	12	28	45	46	52	47
5/28/2002	6	21	22	29	32	24
5/24/2002	2	4	32	44	52	36
5/21/2002	4	28	39	41	44	9
5/17/2002	15	18	25	33	47	30
5/14/2002	23	30	36	44	47	28
5/10/2002	1	7	35	38	49	10
5/7/2002	2	22	26	39	40	11
5/3/2002	2	21	27	35	49	8
4/30/2002	4	5	9	26	42	20
4/26/2002	11	12	21	39	44	1
4/23/2002	3	27	31	45	47	3
4/19/2002	3	4	26	40	46	4
4/16/2002	7	10	25	26	27	23
4/12/2002	6	13	14	17	41	6
4/9/2002	1	15	17	21	41	4
4/5/2002	8	21	35	47	50	15
4/2/2002	34	37	38	39	42	21
3/29/2002	15	26	28	35	44	30
3/26/2002	1	15	17	22	40	22
3/22/2002	7	12	19	35	41	34
3/19/2002	17	28	31	35	37	7
3/15/2002	5	10	22	34	45	2
3/12/2002	4	8	20	29	47	5
3/8/2002	13	15	31	36	49	18
3/5/2002	2	13	15	21	46	3
3/1/2002	13	17	37	49	50	36
2/26/2002	6	19	22	40	44	27
2/22/2002	4	11	37	40	44	9
2/19/2002	25	27	37	40	48	1
2/15/2002	2	19	41	45	47	24
2/12/2002	2	6	10	26	29	33
2/8/2002	3	13	19	40	47	13
2/5/2002	5	11	30	33	43	12
2/1/2002	4	15	17	23	33	29
1/29/2002	4	21	30	33	48	34
1/25/2002	9	23	29	32	45	30
1/22/2002	1	12	35	37	49	1
1/18/2002	1	2	9	26	27	6
1/15/2002	4	8	32	41	49	20
1/11/2002	4	5	21	24	38	21
1/8/2002	14	17	25	32	46	30
1/4/2002	7	12	24	34	37	35
1/1/2002	16	24	39	45	50	36
12/28/2001	21	29	30	32	42	20
12/25/2001	20	29	34	35	48	23
12/21/2001	3	16	18	19	43	9
12/18/2001	3	12	29	37	47	16
12/14/2001	6	27	28	29	42	36
12/11/2001	18	22	24	32	47	2
12/7/2001	5	6	13	20	46	15
12/4/2001	17	21	22	24	30	7
11/30/2001	7	8	20	21	42	5
11/27/2001	1	22	25	43	46	10
11/23/2001	3	4	38	42	49	31
11/20/2001	11	16	38	41	45	23
11/16/2001	4	7	8	38	46	36
11/13/2001	3	10	23	35	42	9
11/9/2001	5	17	21	31	41	13
11/6/2001	3	11	15	22	38	2
11/2/2001	10	11	15	35	39	14
10/30/2001	7	9	29	46	49	33
10/26/2001	16	19	22	26	45	9
10/23/2001	24	32	34	38	46	2
10/19/2001	1	24	28	33	47	25
10/16/2001	15	16	19	26	47	23
10/12/2001	4	12	17	22	49	22
10/9/2001	13	17	21	26	34	5
10/5/2001	3	7	18	23	34	23
10/2/2001	7	14	22	41	46	1
9/28/2001	1	9	16	21	25	14
9/25/2001	7	13	29	32	48	3
9/21/2001	1	30	34	36	50	3
9/18/2001	11	14	18	33	48	22
9/14/2001	2	21	27	28	45	3
9/11/2001	3	11	33	41	49	21
9/7/2001	11	18	31	37	46	16
9/4/2001	26	29	32	33	43	36
8/31/2001	4	7	8	12	38	16
8/28/2001	10	29	39	47	50	35
8/24/2001	2	10	23	26	38	26
8/21/2001	4	11	14	45	49	29
8/17/2001	1	9	16	28	46	24
8/14/2001	1	22	27	28	35	26
8/10/2001	4	12	35	36	42	6
8/7/2001	5	28	31	35	47	19
8/3/2001	4	11	21	41	44	2
7/31/2001	4	6	8	22	28	14
7/27/2001	28	29	43	46	47	3
7/24/2001	5	6	10	13	20	15
7/20/2001	14	34	38	43	47	15
7/17/2001	17	22	27	37	49	18
7/13/2001	24	35	37	45	50	35
7/10/2001	3	8	17	28	50	15
7/6/2001	3	12	22	39	46	1
7/3/2001	5	24	26	40	41	7
6/29/2001	5	9	12	28	48	5
6/26/2001	1	2	7	22	44	34
6/22/2001	5	21	37	43	50	34
6/19/2001	1	12	30	38	42	23
6/15/2001	1	6	23	30	39	20
6/12/2001	8	9	10	18	49	21
6/8/2001	1	22	30	34	46	2
6/5/2001	23	27	36	49	50	1
6/1/2001	5	18	36	44	49	35
5/29/2001	5	22	23	24	35	30
5/25/2001	12	13	17	20	22	33
5/22/2001	8	10	13	31	43	28
5/18/2001	7	19	30	38	41	5
5/15/2001	7	14	19	24	43	30
5/11/2001	11	12	19	21	26	19
5/8/2001	19	21	29	31	50	25
5/4/2001	11	24	27	35	47	22
5/1/2001	4	13	15	16	25	19
4/27/2001	3	6	30	38	44	12
4/24/2001	1	4	27	29	31	5
4/20/2001	2	5	11	32	36	24
4/17/2001	4	12	14	24	44	21
4/13/2001	16	27	36	39	47	12
4/10/2001	17	22	27	32	42	33
4/6/2001	4	9	10	16	45	30
4/3/2001	4	5	25	39	45	14
3/30/2001	4	31	38	45	48	9
3/27/2001	20	23	25	27	42	6
3/23/2001	6	10	26	39	40	28
3/20/2001	11	30	39	41	43	34
3/16/2001	14	22	38	42	43	10
3/13/2001	11	17	38	41	42	24
3/9/2001	2	10	12	15	27	17
3/6/2001	2	24	26	31	41	34
3/2/2001	13	23	24	25	42	22
2/27/2001	1	5	14	27	37	3
2/23/2001	3	18	21	36	50	6
2/20/2001	9	32	37	42	46	13
2/16/2001	9	10	24	30	31	35
2/13/2001	30	31	35	46	47	23
2/9/2001	1	12	14	16	22	26
2/6/2001	5	17	32	34	48	5
2/2/2001	6	23	25	30	31	5
1/30/2001	5	17	22	39	40	30
1/26/2001	1	8	20	37	45	17
1/23/2001	6	7	12	23	43	27
1/19/2001	4	6	16	31	36	19
1/16/2001	7	8	13	35	50	28
1/12/2001	6	15	23	26	50	6
1/9/2001	4	24	35	44	48	32
1/5/2001	1	3	9	40	42	32
1/2/2001	7	8	11	12	13	12
12/29/2000	9	15	21	22	29	24
12/26/2000	4	29	32	35	44	19
12/22/2000	14	35	40	43	50	12
12/19/2000	12	34	36	39	40	16
12/15/2000	25	30	39	40	50	8
12/12/2000	1	14	28	38	47	24
12/8/2000	23	27	29	43	45	30
12/5/2000	4	8	30	46	48	1
12/1/2000	15	25	28	38	47	5
11/28/2000	15	18	30	48	49	8
11/24/2000	20	21	32	39	46	2
11/21/2000	15	25	28	40	46	17
11/17/2000	5	8	20	38	46	3
11/14/2000	12	14	25	31	37	22
11/10/2000	26	32	39	40	46	18
11/7/2000	22	29	35	38	47	27
11/3/2000	5	15	22	23	43	23
10/31/2000	7	16	22	34	36	34
10/27/2000	21	29	33	39	44	24
10/24/2000	8	9	14	24	41	23
10/20/2000	30	36	37	42	46	4
10/17/2000	9	16	41	43	48	2
10/13/2000	2	13	20	39	43	31
10/10/2000	5	23	29	30	39	8
10/6/2000	12	17	36	38	44	16
10/3/2000	16	25	32	33	40	4
9/29/2000	8	10	30	32	40	18
9/26/2000	2	13	31	41	44	3
9/22/2000	6	11	26	28	36	6
9/19/2000	8	10	28	34	35	17
9/15/2000	2	6	10	26	39	3
9/12/2000	4	11	18	27	38	23
9/8/2000	10	12	20	33	40	30
9/5/2000	31	39	43	45	48	28
9/1/2000	4	9	26	30	31	4
8/29/2000	4	17	31	37	47	9
8/25/2000	34	35	37	47	48	12
8/22/2000	6	16	18	34	41	2
8/18/2000	5	23	38	45	50	26
8/15/2000	15	16	22	28	39	33
8/11/2000	2	14	19	24	28	7
8/8/2000	23	32	38	48	50	20
8/4/2000	5	9	14	31	47	22
8/1/2000	10	13	16	25	26	21
7/28/2000	2	7	16	21	45	3
7/25/2000	16	18	33	43	46	34
7/21/2000	11	13	15	31	41	16
7/18/2000	3	4	25	43	48	17
7/14/2000	21	22	27	28	42	24
7/11/2000	19	20	24	36	38	17
7/7/2000	24	29	32	47	49	2
7/4/2000	3	25	29	31	33	20
6/30/2000	9	16	39	46	47	15
6/27/2000	12	21	34	40	41	7
6/23/2000	9	11	13	23	49	11
6/20/2000	1	16	22	26	38	1
6/16/2000	11	12	24	33	35	4
6/13/2000	4	5	6	17	23	2
6/9/2000	6	7	25	34	45	2
6/6/2000	4	30	36	37	42	35
6/2/2000	5	24	26	39	44	3
5/30/2000	4	11	40	42	50	18
5/26/2000	8	10	11	29	40	32
5/23/2000	9	34	42	46	50	35
5/19/2000	16	24	37	38	40	26
5/16/2000	9	11	34	48	50	13
5/12/2000	12	27	28	40	48	25
5/9/2000	1	2	12	33	37	4
5/5/2000	6	8	16	30	32	26
5/2/2000	3	33	36	42	43	13
4/28/2000	5	28	29	32	49	29
4/25/2000	1	12	17	22	41	12
4/21/2000	14	15	34	42	44	8
4/18/2000	26	42	48	49	50	27
4/14/2000	2	17	24	39	40	29
4/11/2000	1	11	31	38	45	12
4/7/2000	1	6	9	17	34	18
4/4/2000	4	17	23	35	39	9
3/31/2000	3	6	7	17	43	18
3/28/2000	2	18	35	38	43	20
3/24/2000	14	31	42	46	50	28
3/21/2000	5	21	33	42	46	1
3/17/2000	17	29	37	41	50	14
3/14/2000	1	8	9	22	47	27
3/10/2000	1	2	26	39	43	7
3/7/2000	4	16	30	44	49	29
3/3/2000	2	5	14	38	47	4
2/29/2000	2	5	22	36	40	19
2/25/2000	2	14	45	48	49	10
2/22/2000	33	35	36	40	43	11
2/18/2000	1	8	15	21	37	25
2/15/2000	2	6	7	13	26	25
2/11/2000	5	27	36	37	42	20
2/8/2000	20	24	29	42	44	33
2/4/2000	26	28	37	39	44	15
2/1/2000	14	15	31	47	49	32
1/28/2000	4	42	43	45	48	34
1/25/2000	6	10	19	24	38	20
1/21/2000	4	8	12	37	45	21
1/18/2000	13	15	29	34	41	23
1/14/2000	1	9	28	41	45	22
1/11/2000	16	18	28	37	39	7
1/7/2000	1	9	23	39	41	15
1/4/2000	11	14	27	39	42	33
12/31/1999	4	17	32	38	46	26
12/28/1999	9	11	21	40	50	11
12/24/1999	32	38	40	44	50	27
12/21/1999	2	3	29	46	47	31
12/17/1999	8	15	28	30	44	24
12/14/1999	6	21	27	38	43	21
12/10/1999	18	24	25	26	32	13
12/7/1999	22	26	27	38	44	27
12/3/1999	12	15	19	24	49	8
11/30/1999	1	4	5	22	47	23
11/26/1999	17	21	22	33	38	34
11/23/1999	1	5	9	13	19	3
11/19/1999	1	18	28	36	42	19
11/16/1999	10	27	29	37	46	31
11/12/1999	20	26	27	40	45	22
11/9/1999	12	13	26	40	42	27
11/5/1999	15	23	28	33	47	9
11/2/1999	6	10	30	31	35	14
10/29/1999	17	20	23	29	33	20
10/26/1999	24	32	37	47	48	19
10/22/1999	3	5	33	36	40	29
10/19/1999	3	30	32	35	37	5
10/15/1999	15	19	29	40	41	7
10/12/1999	11	23	27	38	45	32
10/8/1999	15	17	36	37	45	15
10/5/1999	15	20	32	33	47	25
10/1/1999	9	13	15	38	41	3
9/28/1999	8	22	34	40	48	4
9/24/1999	22	25	29	45	47	17
9/21/1999	7	16	18	35	47	23
9/17/1999	25	29	30	42	47	32
9/14/1999	1	2	6	15	49	4
9/10/1999	16	20	31	32	48	6
9/7/1999	4	5	6	39	46	20
9/3/1999	24	29	37	47	48	2
8/31/1999	3	21	26	27	40	15
8/27/1999	5	23	25	47	49	24
8/24/1999	9	13	21	23	41	17
8/20/1999	5	15	27	44	47	7
8/17/1999	11	12	28	29	45	35
8/13/1999	2	19	30	45	46	31
8/10/1999	13	27	32	43	50	2
8/6/1999	16	18	20	21	50	20
8/3/1999	4	40	42	43	48	8
7/30/1999	8	13	20	44	47	21
7/27/1999	2	5	25	34	40	17
7/23/1999	6	10	24	26	37	6
7/20/1999	9	25	27	31	32	24
7/16/1999	2	6	7	17	18	1
7/13/1999	1	22	33	40	43	2
7/9/1999	16	20	22	34	36	29
7/6/1999	7	20	23	26	33	15
7/2/1999	6	26	39	40	47	8
6/29/1999	4	11	17	31	44	32
6/25/1999	2	28	34	36	48	35
6/22/1999	4	21	40	44	48	31
6/18/1999	1	13	34	37	50	5
6/15/1999	1	6	19	27	42	25
6/11/1999	5	7	13	17	43	12
6/8/1999	18	31	45	48	49	15
6/4/1999	2	5	24	33	39	12
6/1/1999	1	3	13	37	42	23
5/28/1999	5	6	9	27	50	25
5/25/1999	12	35	36	38	39	30
5/21/1999	1	15	26	37	41	13
5/18/1999	5	11	14	27	41	18
5/14/1999	1	6	25	37	42	27
5/11/1999	11	22	29	35	41	30
5/7/1999	12	21	30	35	49	15
5/4/1999	5	20	32	42	46	26
4/30/1999	1	23	25	29	39	5
4/27/1999	1	8	10	38	42	36
4/23/1999	3	12	27	38	39	17
4/20/1999	11	12	17	18	41	6
4/16/1999	1	7	10	16	36	36
4/13/1999	13	19	21	39	40	8
4/9/1999	14	27	41	44	47	10
4/6/1999	12	17	22	33	44	25
4/2/1999	8	25	26	28	35	25
3/30/1999	4	5	27	33	41	9
3/26/1999	14	15	20	47	50	35
3/23/1999	16	18	29	44	47	32
3/19/1999	17	23	37	46	49	28
3/16/1999	6	11	19	33	40	19
3/12/1999	22	32	37	38	41	3
3/9/1999	3	4	10	22	48	21
3/5/1999	3	20	26	29	36	16
3/2/1999	3	31	35	42	46	34
2/26/1999	6	26	31	44	48	1
2/23/1999	3	13	27	30	44	27
2/19/1999	1	7	16	36	40	10
2/16/1999	3	10	13	36	49	14
2/12/1999	8	11	16	27	34	8
2/9/1999	3	6	14	21	24	9
2/5/1999	2	8	14	21	27	33
2/2/1999	6	14	23	31	33	13
1/29/1999	4	9	12	32	47	27
1/26/1999	5	8	10	44	50	33
1/22/1999	7	16	20	23	36	22
1/19/1999	21	25	26	35	49	12
1/15/1999	17	18	28	42	48	8
1/12/1999	5	7	9	20	46	2
1/8/1999	5	21	23	26	37	3
1/5/1999	4	31	32	34	43	19
1/1/1999	11	19	28	43	48	5
12/29/1998	3	5	7	28	35	10
12/25/1998	6	8	17	21	31	10
12/22/1998	17	21	33	42	44	9
12/18/1998	10	21	25	34	48	24
12/15/1998	7	18	36	38	41	24
12/11/1998	11	13	42	44	50	24
12/8/1998	1	11	25	28	35	1
12/4/1998	7	16	28	30	43	4
12/1/1998	16	21	30	32	44	15
11/27/1998	4	8	20	41	44	6
11/24/1998	14	15	17	33	43	17
11/20/1998	20	40	48	49	50	17
11/17/1998	28	36	38	43	50	10
11/13/1998	5	7	18	26	45	15
11/10/1998	3	10	17	23	35	23
11/6/1998	7	21	29	46	48	16
11/3/1998	1	9	32	35	50	1
10/30/1998	12	16	22	38	46	20
10/27/1998	12	13	17	25	43	22
10/23/1998	13	20	27	28	33	20
10/20/1998	6	9	10	22	28	19
10/16/1998	6	7	14	18	33	8
10/13/1998	12	24	30	43	44	1
10/9/1998	1	23	30	47	50	2
10/6/1998	1	3	13	15	22	18
10/2/1998	2	6	8	26	39	8
9/29/1998	1	8	18	27	38	24
9/25/1998	20	23	36	46	50	9
9/22/1998	1	37	43	44	45	24
9/18/1998	15	22	23	40	50	12
9/15/1998	11	26	30	37	38	20
9/11/1998	21	31	34	35	43	4
9/8/1998	1	14	24	25	26	24
9/4/1998	11	19	25	34	47	10
9/1/1998	9	23	24	37	44	24
8/28/1998	1	21	28	43	45	17
8/25/1998	2	27	33	37	44	21
8/21/1998	6	16	19	28	48	11
8/18/1998	9	10	11	12	48	18
8/14/1998	6	10	14	17	22	17
8/11/1998	7	31	35	44	48	18
8/7/1998	7	11	32	44	46	19
8/4/1998	3	4	6	26	40	10
7/31/1998	3	10	23	33	46	8
7/28/1998	5	10	14	18	49	25
7/24/1998	7	15	18	31	35	19
7/21/1998	3	7	8	11	20	25
7/17/1998	13	24	35	39	44	24
7/14/1998	5	7	15	33	48	13
7/10/1998	19	24	28	29	38	6
7/7/1998	5	9	27	39	48	25
7/3/1998	5	36	38	39	46	1
6/30/1998	5	21	41	43	48	10
6/26/1998	20	25	30	41	47	5
6/23/1998	2	7	13	17	33	22
6/19/1998	1	11	13	14	23	22
6/16/1998	11	17	20	23	25	15
6/12/1998	2	23	24	29	48	9
6/9/1998	4	9	13	24	27	24
6/5/1998	5	18	20	30	36	10
6/2/1998	9	19	28	30	31	19
5/29/1998	3	35	36	43	47	10
5/26/1998	1	13	29	35	50	24
5/22/1998	18	25	32	46	47	12
5/19/1998	12	21	31	47	50	2
5/15/1998	3	37	41	42	48	9
5/12/1998	14	20	28	37	39	14
5/8/1998	25	33	35	40	45	17
5/5/1998	8	20	22	35	50	17
5/1/1998	2	17	29	35	46	16
4/28/1998	10	13	14	29	45	6
4/24/1998	15	17	20	25	29	21
4/21/1998	8	18	19	36	44	1
4/17/1998	6	18	20	32	50	12
4/14/1998	6	7	10	26	32	18
4/10/1998	9	11	33	35	40	16
4/7/1998	27	32	46	47	49	7
4/3/1998	8	29	38	47	50	3
3/31/1998	16	22	35	39	44	9
3/27/1998	13	15	29	36	47	24
3/24/1998	15	16	27	36	45	1
3/20/1998	15	18	19	37	39	6
3/17/1998	13	23	24	39	42	10
3/13/1998	1	3	8	31	47	3
3/10/1998	7	19	24	28	32	21
3/6/1998	2	34	37	41	42	16
3/3/1998	21	31	33	37	42	3
2/27/1998	24	26	28	29	42	22
2/24/1998	2	11	40	42	48	14
2/20/1998	9	11	12	17	19	13
2/17/1998	2	25	26	35	40	25
2/13/1998	3	17	22	23	36	1
2/10/1998	2	12	14	27	47	17
2/6/1998	4	9	15	23	29	1
1/30/1998	3	4	29	35	45	7
1/23/1998	4	17	26	32	41	17
1/16/1998	4	5	13	24	33	11
1/9/1998	1	6	23	31	48	20
1/2/1998	7	21	31	32	45	14
12/26/1997	1	18	40	41	49	8
12/19/1997	10	15	16	17	50	25
12/12/1997	3	6	8	20	30	25
12/5/1997	10	23	25	40	42	7
11/28/1997	4	20	27	29	39	11
11/21/1997	2	5	16	18	42	11
11/14/1997	12	16	22	24	45	18
11/7/1997	13	24	26	32	44	16
10/31/1997	2	7	18	25	36	17
10/24/1997	2	25	31	32	45	16
10/17/1997	22	34	35	37	45	3
10/10/1997	12	21	31	43	45	14
10/3/1997	5	11	14	23	47	7
9/26/1997	5	14	34	49	50	16
9/19/1997	26	31	32	43	46	1
9/12/1997	5	19	28	29	40	4
9/5/1997	14	15	25	26	42	3
8/29/1997	9	18	24	37	42	25
8/22/1997	6	8	11	24	30	4
8/15/1997	17	21	27	42	47	21
8/8/1997	3	5	34	35	36	3
8/1/1997	17	34	38	39	44	13
7/25/1997	4	7	33	42	44	25
7/18/1997	6	34	35	40	50	25
7/11/1997	17	36	44	46	48	18
7/4/1997	8	12	21	32	50	17
6/27/1997	1	3	37	42	46	21
6/20/1997	3	4	10	42	46	15
6/13/1997	5	6	22	38	43	3
6/6/1997	2	8	20	22	32	8
5/30/1997	1	23	25	39	43	19
5/23/1997	2	3	5	40	49	19
5/16/1997	2	4	13	17	29	11
5/9/1997	12	13	16	29	36	11
5/2/1997	4	13	20	24	36	14
4/25/1997	12	31	32	34	37	9
4/18/1997	1	11	22	45	47	8
4/11/1997	4	10	13	22	49	20
4/4/1997	8	21	22	35	48	12
3/28/1997	1	43	47	48	50	17
3/21/1997	5	10	19	38	41	21
3/14/1997	4	6	11	25	43	10
3/7/1997	11	19	36	38	46	2
2/28/1997	18	19	24	29	42	5
2/21/1997	3	8	19	28	47	15
2/14/1997	7	13	15	22	26	21
2/7/1997	4	10	27	30	38	15
1/31/1997	8	11	13	20	37	12
1/24/1997	12	17	27	30	39	7
1/17/1997	4	11	33	35	43	21
1/10/1997	4	25	30	33	47	6
1/3/1997	5	8	23	45	48	17
12/27/1996	10	30	33	35	36	1
12/20/1996	6	18	20	25	33	16
12/13/1996	7	15	36	43	44	8
12/6/1996	15	20	32	42	47	3
11/29/1996	1	14	27	46	50	22
11/22/1996	6	8	14	32	35	19
11/15/1996	2	4	5	33	47	22
11/8/1996	11	23	25	35	46	17
11/1/1996	2	10	28	39	49	17
10/25/1996	23	28	30	35	43	9
10/18/1996	9	18	24	26	46	18
10/11/1996	2	23	37	40	50	22
10/4/1996	8	16	18	36	38	1
9/27/1996	8	25	35	37	48	8
9/20/1996	5	24	31	34	48	6
9/13/1996	3	4	9	30	47	1
9/6/1996	5	11	29	47	50	17
