4/17/2023	23	25	35	63	64	25
4/15/2023	1	33	34	56	59	18
4/12/2023	9	36	41	44	59	4
4/10/2023	9	10	36	46	52	14
4/8/2023	11	22	24	51	60	18
4/5/2023	3	5	9	42	52	11
4/3/2023	16	30	31	54	68	1
4/1/2023	11	19	21	29	52	17
3/29/2023	4	9	24	46	66	7
3/27/2023	19	26	36	43	58	14
3/25/2023	15	17	18	47	57	19
3/22/2023	27	28	37	50	57	5
3/20/2023	1	27	32	47	67	14
3/18/2023	14	20	30	54	69	11
3/15/2023	16	18	33	37	50	8
3/13/2023	3	10	24	46	63	4
3/11/2023	11	20	33	43	58	24
3/8/2023	26	27	43	61	69	4
3/6/2023	2	13	29	58	69	4
3/4/2023	10	16	18	40	66	16
3/1/2023	2	9	28	36	53	4
2/27/2023	16	28	49	51	55	23
2/25/2023	11	24	58	66	67	26
2/22/2023	11	19	39	44	65	7
2/20/2023	3	17	26	38	54	15
2/18/2023	8	21	31	32	37	23
2/15/2023	31	32	54	60	63	12
2/13/2023	17	26	37	61	65	2
2/11/2023	10	23	30	54	65	11
2/8/2023	52	58	59	64	66	9
2/6/2023	5	11	22	23	69	7
2/4/2023	2	8	15	19	58	10
2/1/2023	31	43	58	59	66	9
1/30/2023	1	4	12	36	49	5
1/28/2023	2	18	23	27	47	15
1/25/2023	9	17	20	38	40	18
1/23/2023	12	31	47	58	60	23
1/21/2023	5	14	19	46	64	22
1/18/2023	6	15	22	42	47	26
1/16/2023	4	14	33	39	61	3
1/14/2023	24	26	39	47	57	23
1/11/2023	4	8	46	47	48	5
1/9/2023	18	43	48	60	69	14
1/7/2023	35	36	44	45	67	14
1/4/2023	12	32	56	67	68	26
1/2/2023	7	9	12	31	62	22
12/31/2022	18	37	44	50	64	11
12/28/2022	26	32	38	45	56	1
12/26/2022	17	41	47	60	61	17
12/24/2022	17	37	46	54	67	8
12/21/2022	12	15	24	34	59	14
12/19/2022	7	37	55	65	67	12
12/17/2022	33	56	64	66	68	12
12/14/2022	36	51	59	66	68	25
12/12/2022	16	31	50	55	61	9
12/10/2022	9	23	47	49	68	19
12/7/2022	6	28	44	59	61	21
12/5/2022	35	45	47	54	55	14
12/3/2022	6	13	33	36	37	7
11/30/2022	4	19	24	47	66	10
11/28/2022	29	30	32	48	50	20
11/26/2022	15	30	47	50	51	3
11/23/2022	1	2	31	39	66	25
11/21/2022	1	6	40	51	67	2
11/19/2022	7	28	62	63	64	10
11/16/2022	28	34	51	53	56	11
11/14/2022	19	35	53	54	67	21
11/12/2022	16	20	44	57	58	6
11/9/2022	7	14	24	30	56	7
11/7/2022	10	33	41	47	56	10
11/5/2022	28	45	53	56	69	20
11/2/2022	2	11	22	35	60	23
10/31/2022	13	19	36	39	59	13
10/29/2022	19	31	40	46	57	23
10/26/2022	19	36	37	46	56	24
10/24/2022	18	23	35	45	54	16
10/22/2022	19	25	48	55	60	18
10/19/2022	6	8	15	27	42	10
10/17/2022	19	30	36	46	60	25
10/15/2022	32	37	40	58	62	15
10/12/2022	14	30	41	42	59	6
10/10/2022	3	6	11	17	22	11
10/8/2022	13	43	53	60	68	5
10/5/2022	26	30	33	37	62	6
10/3/2022	2	16	22	55	63	22
10/1/2022	8	21	22	65	69	26
9/28/2022	6	10	24	33	67	11
9/26/2022	13	20	31	33	59	20
9/24/2022	3	9	21	24	29	14
9/21/2022	6	33	34	45	54	7
9/19/2022	7	15	36	46	67	7
9/17/2022	5	25	36	51	61	1
9/14/2022	9	10	20	22	52	25
9/12/2022	6	14	16	34	66	25
9/10/2022	38	42	56	68	69	4
9/7/2022	3	16	30	33	36	20
9/5/2022	4	7	32	55	64	25
9/3/2022	18	27	49	65	69	9
8/31/2022	7	8	19	24	28	1
8/29/2022	13	36	43	61	69	18
8/27/2022	2	18	56	60	65	14
8/24/2022	6	24	35	37	44	22
8/22/2022	12	27	34	55	67	9
8/20/2022	5	9	11	16	66	7
8/17/2022	23	28	41	50	55	24
8/15/2022	20	24	47	50	63	5
8/13/2022	19	24	35	43	62	2
8/10/2022	29	44	59	61	68	19
8/8/2022	32	45	51	57	58	12
8/6/2022	8	15	46	56	68	3
8/3/2022	9	21	56	57	66	11
8/1/2022	15	21	31	36	65	16
7/30/2022	4	17	57	58	68	12
7/27/2022	1	25	44	55	57	26
7/25/2022	25	37	38	39	65	5
7/23/2022	39	41	54	59	62	12
7/20/2022	10	20	23	49	65	22
7/18/2022	14	34	36	50	58	5
7/16/2022	3	18	23	32	57	21
7/13/2022	22	23	36	47	63	2
7/11/2022	4	26	34	37	52	9
7/9/2022	14	22	42	46	52	24
7/6/2022	32	36	49	62	69	13
7/4/2022	15	16	24	31	56	4
7/2/2022	9	10	37	59	62	26
6/29/2022	8	40	49	58	63	14
6/27/2022	11	13	18	30	37	16
6/25/2022	6	12	20	27	32	4
6/22/2022	6	10	31	48	56	12
6/20/2022	3	44	61	63	69	13
6/18/2022	10	19	40	45	58	25
6/15/2022	19	28	41	42	51	7
6/13/2022	2	27	42	44	51	25
6/11/2022	18	20	26	53	69	5
6/8/2022	22	39	43	62	64	7
6/6/2022	2	10	35	44	46	4
6/4/2022	14	16	36	52	60	16
6/1/2022	11	41	56	57	63	2
5/30/2022	27	28	51	68	69	22
5/28/2022	2	39	50	61	66	15
5/25/2022	19	28	39	42	57	17
5/23/2022	1	33	37	39	42	26
5/21/2022	14	15	25	52	58	11
5/18/2022	40	41	58	64	65	17
5/16/2022	7	15	22	36	64	13
5/14/2022	6	40	41	45	52	9
5/11/2022	5	7	61	63	69	18
5/9/2022	18	30	35	52	56	5
5/7/2022	4	5	6	28	67	10
5/4/2022	37	39	55	63	69	23
5/2/2022	18	27	33	39	44	8
4/30/2022	14	21	37	44	63	1
4/27/2022	11	36	61	62	68	4
4/25/2022	12	18	20	39	61	10
4/23/2022	10	39	47	49	56	8
4/20/2022	20	30	45	55	56	14
4/18/2022	8	33	55	59	62	18
4/16/2022	15	21	32	62	65	26
4/13/2022	14	16	41	63	68	26
4/11/2022	5	7	24	31	34	4
4/9/2022	6	16	31	62	66	18
4/6/2022	6	42	45	47	64	18
4/4/2022	2	32	39	46	69	6
4/2/2022	6	28	47	58	59	18
3/30/2022	3	7	21	31	37	11
3/28/2022	11	18	39	58	62	3
3/26/2022	2	10	50	59	61	6
3/23/2022	31	32	37	38	48	24
3/21/2022	1	15	26	63	65	16
3/19/2022	8	9	18	48	52	6
3/16/2022	3	28	34	35	58	17
3/14/2022	21	28	32	44	49	6
3/12/2022	19	20	37	39	61	8
3/9/2022	13	22	34	51	67	10
3/7/2022	10	43	55	59	67	2
3/5/2022	8	23	37	52	63	13
3/2/2022	19	37	48	61	63	12
2/28/2022	7	21	39	47	55	19
2/26/2022	15	32	36	48	64	19
2/23/2022	6	17	21	35	64	18
2/21/2022	2	36	37	45	69	3
2/19/2022	3	10	15	33	42	11
2/16/2022	22	30	40	42	48	16
2/14/2022	16	25	27	49	55	17
2/12/2022	8	10	21	41	62	7
2/9/2022	2	17	33	51	63	26
2/7/2022	5	15	38	47	65	10
2/5/2022	5	16	27	39	61	24
2/2/2022	18	29	33	62	63	15
1/31/2022	10	15	51	61	69	14
1/29/2022	2	15	38	54	65	11
1/26/2022	4	11	38	49	69	16
1/24/2022	11	29	30	47	53	16
1/22/2022	8	14	33	36	67	17
1/19/2022	11	15	43	55	61	10
1/17/2022	9	24	35	46	65	22
1/15/2022	3	18	37	51	59	13
1/12/2022	12	21	22	30	33	24
1/10/2022	14	17	18	21	27	9
1/8/2022	20	21	36	60	65	13
1/5/2022	6	14	25	33	46	17
1/3/2022	2	13	32	33	48	22
1/1/2022	6	12	39	48	50	7
12/29/2021	2	6	9	33	39	11
12/27/2021	36	38	45	62	64	19
12/25/2021	27	29	45	55	58	2
12/22/2021	7	16	19	48	68	15
12/20/2021	2	13	23	34	66	2
12/18/2021	2	6	24	51	61	1
12/15/2021	19	20	40	42	59	15
12/13/2021	10	30	37	53	59	4
12/11/2021	3	25	44	53	64	10
12/8/2021	3	7	33	50	69	24
12/6/2021	3	21	38	50	59	6
12/4/2021	10	40	45	56	67	2
12/1/2021	12	15	38	57	63	24
11/29/2021	18	26	28	38	47	17
11/27/2021	8	32	55	64	66	10
11/24/2021	10	16	32	63	65	17
11/22/2021	7	20	29	38	67	22
11/20/2021	40	43	48	59	69	19
11/17/2021	3	16	48	52	60	1
11/15/2021	5	31	34	51	53	23
11/13/2021	8	15	26	35	45	9
11/10/2021	19	25	43	46	48	14
11/8/2021	21	46	47	57	62	8
11/6/2021	8	30	48	57	64	9
11/3/2021	1	2	24	50	57	26
11/1/2021	9	25	34	44	45	8
10/30/2021	5	23	28	43	56	19
10/27/2021	3	6	26	35	51	17
10/25/2021	10	27	29	44	58	24
10/23/2021	10	30	51	57	63	20
10/20/2021	7	29	36	41	43	5
10/18/2021	30	32	48	53	63	12
10/16/2021	30	31	41	42	48	3
10/13/2021	23	29	47	59	60	15
10/11/2021	11	20	33	39	65	24
10/9/2021	12	17	30	45	62	5
10/6/2021	1	17	52	58	64	1
10/4/2021	12	22	54	66	69	15
10/2/2021	28	38	42	47	52	1
9/29/2021	2	7	11	17	32	11
9/27/2021	21	22	39	44	60	12
9/25/2021	22	23	37	62	63	19
9/22/2021	20	40	47	55	63	5
9/20/2021	37	51	54	58	60	19
9/18/2021	5	36	39	45	57	11
9/15/2021	1	4	18	46	62	25
9/13/2021	37	40	50	61	63	21
9/11/2021	20	31	38	40	49	21
9/8/2021	9	22	41	47	61	21
9/6/2021	11	20	22	33	54	24
9/4/2021	32	35	40	52	54	1
9/1/2021	10	20	29	48	51	17
8/30/2021	3	15	45	51	61	8
8/28/2021	12	22	26	46	59	26
8/25/2021	27	39	54	56	59	24
8/23/2021	17	36	47	60	61	15
8/21/2021	16	28	36	39	59	4
8/18/2021	35	36	51	55	61	26
8/14/2021	6	21	49	65	67	18
8/11/2021	12	18	20	29	30	16
8/7/2021	7	24	36	54	60	23
8/4/2021	5	21	32	36	58	14
7/31/2021	1	21	22	34	47	4
7/28/2021	25	30	53	59	60	5
7/24/2021	1	4	11	59	67	10
7/21/2021	27	28	44	67	68	11
7/17/2021	15	22	38	54	66	3
7/14/2021	33	46	52	59	62	10
7/10/2021	1	5	29	54	62	3
7/7/2021	8	21	30	49	57	8
7/3/2021	26	40	41	55	65	24
6/30/2021	24	29	50	65	66	14
6/26/2021	8	31	39	43	60	17
6/23/2021	13	20	40	51	63	1
6/19/2021	4	22	35	38	39	20
6/16/2021	19	29	34	44	50	25
6/12/2021	8	25	34	38	41	10
6/9/2021	19	28	46	50	54	9
6/5/2021	44	52	54	64	69	26
6/2/2021	6	7	11	66	67	19
5/29/2021	11	13	22	27	46	20
5/26/2021	2	8	21	34	62	16
5/22/2021	3	19	27	37	40	8
5/19/2021	11	13	55	56	69	4
5/15/2021	4	10	37	39	69	24
5/12/2021	1	19	20	38	54	17
5/8/2021	12	17	20	21	26	8
5/5/2021	16	23	28	40	63	1
5/1/2021	35	36	47	61	63	3
4/28/2021	16	18	35	39	53	21
4/24/2021	22	36	48	59	61	22
4/21/2021	21	25	32	63	67	6
4/17/2021	10	21	26	41	49	25
4/14/2021	13	30	33	45	61	14
4/10/2021	14	16	23	50	53	3
4/7/2021	27	35	39	51	66	16
4/3/2021	1	12	17	39	53	5
3/31/2021	3	10	44	55	68	24
3/27/2021	6	14	38	39	65	6
3/24/2021	4	9	17	27	38	18
3/20/2021	1	6	22	42	61	4
3/17/2021	34	38	42	61	62	19
3/13/2021	5	11	51	56	61	2
3/10/2021	17	18	37	44	53	18
3/6/2021	11	31	50	52	58	18
3/3/2021	21	40	44	50	55	16
2/27/2021	2	28	31	44	52	18
2/24/2021	4	33	43	53	65	21
2/20/2021	4	8	22	32	58	4
2/17/2021	1	15	21	32	46	1
2/13/2021	20	28	33	63	68	20
2/10/2021	15	39	58	63	67	7
2/6/2021	1	16	48	49	65	8
2/3/2021	5	37	40	64	66	5
1/30/2021	1	2	7	52	61	4
1/27/2021	17	33	35	42	52	9
1/23/2021	5	8	17	27	28	14
1/20/2021	40	53	60	68	69	22
1/16/2021	14	20	39	65	67	2
1/13/2021	4	19	23	25	49	14
1/9/2021	14	26	38	45	46	13
1/6/2021	1	20	22	60	66	3
1/2/2021	3	4	11	41	67	5
12/30/2020	3	43	45	61	65	14
12/26/2020	10	24	27	35	53	18
12/23/2020	6	13	38	39	53	6
12/19/2020	27	32	34	43	52	13
12/16/2020	4	23	37	61	67	7
12/12/2020	17	54	56	63	69	20
12/9/2020	11	14	31	47	48	4
12/5/2020	3	4	6	48	53	10
12/2/2020	28	31	40	41	46	4
11/28/2020	8	12	18	44	51	18
11/25/2020	2	57	58	60	65	26
11/21/2020	51	54	57	60	69	11
11/18/2020	4	5	17	43	52	5
11/14/2020	7	15	18	32	45	20
11/11/2020	13	15	17	45	63	13
11/7/2020	14	16	37	48	58	18
11/4/2020	23	32	33	45	49	14
10/31/2020	2	6	40	42	55	24
10/28/2020	11	28	37	40	53	13
10/24/2020	18	20	27	45	65	6
10/21/2020	1	3	13	44	56	26
10/17/2020	6	10	31	37	44	23
10/14/2020	21	37	52	53	58	5
10/10/2020	5	18	23	40	50	18
10/7/2020	6	24	30	53	56	19
10/3/2020	18	31	36	43	47	20
9/30/2020	14	18	36	49	67	18
9/26/2020	11	21	27	36	62	24
9/23/2020	8	17	49	52	59	1
9/19/2020	11	14	23	47	57	14
9/16/2020	10	17	31	51	53	1
9/12/2020	16	17	20	53	67	4
9/9/2020	27	52	55	60	64	21
9/5/2020	15	21	22	27	47	7
9/2/2020	1	4	11	20	69	18
8/29/2020	5	21	22	29	43	10
8/26/2020	8	12	19	47	58	2
8/22/2020	19	30	36	42	66	14
8/19/2020	13	23	47	55	58	23
8/15/2020	5	12	34	45	56	3
8/12/2020	2	6	18	36	37	21
8/8/2020	2	3	14	40	51	24
8/5/2020	7	14	17	57	65	24
8/1/2020	6	25	36	43	48	24
7/29/2020	7	29	35	40	45	26
7/25/2020	5	21	36	61	62	18
7/22/2020	16	25	36	44	55	14
7/18/2020	13	16	32	58	59	9
7/15/2020	27	47	61	62	69	4
7/11/2020	14	19	61	62	64	4
7/8/2020	3	10	34	36	62	5
7/4/2020	16	21	27	60	61	6
7/1/2020	15	28	52	53	63	18
6/27/2020	9	36	49	56	62	8
6/24/2020	15	22	27	33	46	23
6/20/2020	10	31	41	63	67	5
6/17/2020	7	10	63	64	68	10
6/13/2020	2	12	32	50	65	5
6/10/2020	10	33	41	52	54	18
6/6/2020	1	17	38	68	69	18
6/3/2020	1	3	26	41	64	17
5/30/2020	13	32	41	58	60	14
5/27/2020	38	58	59	64	68	21
5/23/2020	2	8	18	21	23	16
5/20/2020	18	34	40	42	50	9
5/16/2020	8	12	26	39	42	11
5/13/2020	39	53	54	56	57	20
5/9/2020	12	18	42	48	65	19
5/6/2020	7	8	35	50	65	20
5/2/2020	13	16	33	58	68	24
4/29/2020	2	20	49	61	67	20
4/25/2020	1	3	21	47	57	18
4/22/2020	1	33	35	40	69	24
4/18/2020	4	44	46	56	63	19
4/15/2020	10	12	33	36	41	2
4/11/2020	22	29	30	42	47	17
4/8/2020	2	37	39	48	54	5
4/4/2020	8	31	39	40	43	4
4/1/2020	33	35	45	48	60	16
3/28/2020	7	40	48	55	66	11
3/25/2020	5	9	27	39	42	16
3/21/2020	2	23	40	59	69	13
3/18/2020	15	27	44	59	63	8
3/14/2020	9	23	26	30	32	8
3/11/2020	4	29	49	50	67	2
3/7/2020	7	15	21	33	62	23
3/4/2020	18	43	58	60	68	14
2/29/2020	24	44	46	50	51	13
2/26/2020	8	27	29	36	47	24
2/22/2020	25	37	39	61	62	11
2/19/2020	10	12	15	19	56	19
2/15/2020	16	32	35	36	46	3
2/12/2020	14	47	54	55	68	25
2/8/2020	35	49	50	59	66	6
2/5/2020	23	30	35	41	57	2
2/1/2020	12	33	54	57	60	13
1/29/2020	9	12	15	31	60	2
1/25/2020	2	9	17	36	67	18
1/22/2020	11	33	44	59	67	8
1/18/2020	20	24	38	56	68	18
1/15/2020	39	41	53	55	68	19
1/11/2020	3	21	23	31	59	3
1/8/2020	2	4	7	43	56	22
1/4/2020	1	11	21	25	54	7
1/1/2020	49	53	57	59	62	26
12/28/2019	20	23	39	59	60	18
12/25/2019	2	4	16	30	46	20
12/21/2019	19	31	35	50	67	14
12/18/2019	14	18	26	39	68	9
12/14/2019	3	6	12	32	64	19
12/11/2019	24	29	42	44	63	10
12/7/2019	18	42	53	62	66	25
12/4/2019	8	27	44	51	61	14
11/30/2019	15	35	42	63	68	18
11/27/2019	15	26	37	53	55	21
11/23/2019	28	35	38	61	66	23
11/20/2019	7	15	39	40	57	12
11/16/2019	14	22	26	55	63	26
11/13/2019	23	26	27	28	66	11
11/9/2019	14	17	35	38	60	25
11/6/2019	15	28	46	62	64	17
11/2/2019	3	23	32	37	58	22
10/30/2019	19	22	52	56	67	21
10/26/2019	3	20	48	54	59	4
10/23/2019	5	12	50	61	69	23
10/19/2019	14	27	29	59	65	12
10/16/2019	1	5	25	63	67	3
10/12/2019	12	29	34	53	65	23
10/9/2019	5	18	33	43	65	2
10/5/2019	6	14	36	51	54	4
10/2/2019	4	8	10	43	53	7
9/28/2019	15	23	34	51	55	4
9/25/2019	37	43	44	45	53	25
9/21/2019	1	9	22	36	68	22
9/18/2019	14	19	39	47	51	15
9/14/2019	11	27	31	36	67	11
9/11/2019	6	17	24	53	57	3
9/7/2019	11	20	41	42	56	6
9/4/2019	4	8	30	52	59	2
8/31/2019	14	41	50	56	57	18
8/28/2019	9	32	37	41	56	14
8/24/2019	5	12	20	21	47	1
8/21/2019	12	21	22	29	32	21
8/17/2019	18	21	24	30	60	20
8/14/2019	10	13	30	51	69	10
8/10/2019	35	41	44	58	59	3
8/7/2019	8	32	47	53	59	3
8/3/2019	3	6	45	66	68	13
7/31/2019	14	37	47	55	67	6
7/27/2019	1	19	31	48	61	6
7/24/2019	22	29	35	53	56	13
7/20/2019	5	26	36	64	69	19
7/17/2019	19	43	47	60	68	10
7/13/2019	13	23	32	35	68	21
7/10/2019	7	9	26	44	68	3
7/6/2019	4	8	23	46	65	1
7/3/2019	40	43	45	50	61	25
6/29/2019	13	17	24	59	62	8
6/26/2019	1	5	16	22	54	24
6/22/2019	3	6	11	14	66	21
6/19/2019	4	18	21	26	38	1
6/15/2019	8	11	14	16	49	14
6/12/2019	5	35	38	42	57	13
6/8/2019	9	13	42	48	60	18
6/5/2019	17	23	28	34	38	8
6/1/2019	6	15	34	45	52	8
5/29/2019	3	32	34	42	61	7
5/25/2019	1	2	39	43	66	2
5/22/2019	7	10	20	44	57	3
5/18/2019	2	10	25	66	67	26
5/15/2019	7	17	33	61	68	4
5/11/2019	6	8	9	37	40	26
5/8/2019	1	45	53	64	66	3
5/4/2019	6	16	23	30	61	2
5/1/2019	5	23	28	56	66	17
4/27/2019	2	29	41	45	62	6
4/24/2019	6	32	35	36	65	4
4/20/2019	3	27	30	63	65	1
4/17/2019	1	15	17	46	66	15
4/13/2019	4	17	26	32	49	10
4/10/2019	12	21	23	39	67	6
4/6/2019	15	33	43	59	60	8
4/3/2019	16	19	25	32	49	18
3/30/2019	21	52	54	64	68	4
3/27/2019	16	20	37	44	62	12
3/23/2019	24	25	52	60	66	5
3/20/2019	10	14	50	53	63	21
3/16/2019	30	34	39	53	67	11
3/13/2019	18	36	45	47	69	14
3/9/2019	5	6	45	55	59	14
3/6/2019	6	10	21	35	46	23
3/2/2019	1	19	25	27	68	21
2/27/2019	21	31	42	49	59	23
2/23/2019	4	6	14	20	32	13
2/20/2019	27	49	50	51	52	2
2/16/2019	29	30	41	48	64	1
2/13/2019	2	8	14	24	69	26
2/9/2019	1	2	3	7	39	25
2/6/2019	5	13	28	38	63	21
2/2/2019	10	17	18	43	65	13
1/30/2019	2	12	16	29	54	6
1/26/2019	8	12	20	21	32	10
1/23/2019	23	25	47	48	50	24
1/19/2019	5	8	41	65	66	20
1/16/2019	14	29	31	56	61	1
1/12/2019	7	36	48	57	58	24
1/9/2019	6	19	37	49	59	22
1/5/2019	3	7	15	27	69	19
1/2/2019	8	12	42	46	56	12
12/29/2018	12	42	51	53	62	25
12/26/2018	5	25	38	52	67	24
12/22/2018	21	28	30	40	59	26
12/19/2018	15	29	31	37	43	16
12/15/2018	8	38	43	52	55	17
12/12/2018	4	9	21	29	64	26
12/8/2018	14	32	34	46	61	10
12/5/2018	9	11	36	37	38	11
12/1/2018	10	11	47	55	58	26
11/28/2018	4	19	59	68	69	21
11/24/2018	11	33	51	56	58	18
11/21/2018	7	14	23	38	55	18
11/17/2018	6	8	20	52	68	5
11/14/2018	7	42	49	62	69	23
11/10/2018	5	29	34	53	57	24
11/7/2018	26	28	34	42	50	25
11/3/2018	15	21	24	32	65	11
10/31/2018	7	25	39	40	47	20
10/27/2018	8	12	13	19	27	4
10/24/2018	3	21	45	53	56	22
10/20/2018	16	54	57	62	69	23
10/17/2018	3	57	64	68	69	15
10/13/2018	11	14	32	43	65	15
10/10/2018	8	23	27	42	60	7
10/6/2018	1	22	27	53	67	15
10/3/2018	41	53	59	63	66	3
9/29/2018	9	17	34	59	64	22
9/26/2018	1	2	7	30	50	8
9/22/2018	24	61	63	64	69	18
9/19/2018	4	39	48	50	51	11
9/15/2018	2	18	19	24	34	3
9/12/2018	6	28	48	63	64	24
9/8/2018	3	13	20	32	33	21
9/5/2018	6	15	50	59	60	13
9/1/2018	11	54	55	61	66	9
8/29/2018	25	41	53	57	67	12
8/25/2018	20	25	54	57	63	8
8/22/2018	1	7	45	47	69	13
8/18/2018	24	34	52	61	67	16
8/15/2018	12	15	28	47	48	16
8/11/2018	5	43	56	62	68	24
8/8/2018	10	21	30	43	63	17
8/4/2018	3	11	38	44	58	2
8/1/2018	5	22	32	38	58	26
7/28/2018	22	27	46	56	65	13
7/25/2018	2	18	41	44	64	26
7/21/2018	9	23	56	58	68	1
7/18/2018	1	10	27	28	36	12
7/14/2018	22	41	42	49	67	11
7/11/2018	19	21	27	46	47	7
7/7/2018	1	10	43	45	64	22
7/4/2018	4	7	15	41	44	10
6/30/2018	3	9	20	42	61	24
6/27/2018	7	28	37	62	63	15
6/23/2018	16	29	43	45	56	25
6/20/2018	4	14	23	27	56	13
6/16/2018	9	45	57	58	65	9
6/13/2018	13	20	38	45	55	1
6/9/2018	6	10	15	25	36	14
6/6/2018	23	28	41	53	56	14
6/2/2018	23	25	37	44	64	7
5/30/2018	17	23	26	46	68	20
5/26/2018	1	21	31	45	49	21
5/23/2018	20	54	56	61	64	7
5/19/2018	3	6	9	17	56	25
5/16/2018	17	19	21	22	51	19
5/12/2018	22	42	45	55	56	14
5/9/2018	11	16	38	50	69	19
5/5/2018	14	29	36	57	61	17
5/2/2018	5	14	31	40	50	6
4/28/2018	20	22	28	45	50	8
4/25/2018	17	18	39	56	64	12
4/21/2018	40	50	54	62	69	19
4/18/2018	9	10	12	17	23	9
4/14/2018	17	19	26	61	62	15
4/11/2018	16	18	27	55	67	18
4/7/2018	2	17	20	38	39	20
4/4/2018	8	24	42	54	64	24
3/31/2018	8	24	52	55	61	21
3/28/2018	6	8	26	52	53	21
3/24/2018	10	33	45	53	56	24
3/21/2018	3	4	18	29	61	25
3/17/2018	22	57	59	60	66	7
3/14/2018	6	12	24	41	68	9
3/10/2018	43	44	54	61	69	22
3/7/2018	6	13	19	36	51	18
3/3/2018	13	17	25	36	40	5
2/28/2018	12	30	59	65	69	16
2/24/2018	24	25	38	62	63	6
2/21/2018	7	15	31	34	36	8
2/17/2018	13	26	39	44	62	2
2/14/2018	37	39	44	46	69	26
2/10/2018	1	13	27	41	59	20
2/7/2018	23	34	35	40	47	10
2/3/2018	15	23	27	48	53	6
1/31/2018	4	7	14	46	59	22
1/27/2018	17	21	26	47	54	7
1/24/2018	5	9	11	33	64	21
1/20/2018	26	28	47	49	58	3
1/17/2018	3	33	37	51	57	21
1/13/2018	14	25	35	58	69	24
1/10/2018	7	24	33	49	50	4
1/6/2018	12	29	30	33	61	26
1/3/2018	2	18	37	39	42	12
12/30/2017	28	36	41	51	58	24
12/27/2017	3	9	16	56	60	3
12/23/2017	1	3	13	15	44	25
12/20/2017	1	20	61	64	69	20
12/16/2017	9	35	37	50	63	11
12/13/2017	2	24	28	51	58	7
12/9/2017	25	36	37	55	60	6
12/6/2017	19	20	50	55	62	9
12/2/2017	28	30	32	36	58	6
11/29/2017	24	26	28	59	63	16
11/25/2017	8	13	27	53	54	4
11/22/2017	35	37	46	51	61	13
11/18/2017	17	28	31	32	39	26
11/15/2017	23	32	44	48	50	25
11/11/2017	4	6	16	30	56	18
11/8/2017	12	14	20	21	34	22
11/4/2017	12	14	26	48	51	13
11/1/2017	3	6	19	26	44	1
10/28/2017	27	35	38	57	66	10
10/25/2017	18	22	29	54	57	8
10/21/2017	14	41	42	45	69	4
10/18/2017	30	49	54	66	69	8
10/14/2017	32	37	56	66	69	11
10/11/2017	1	3	13	19	69	23
10/7/2017	10	49	61	63	65	7
10/4/2017	22	23	62	63	66	24
9/30/2017	8	12	25	41	64	15
9/27/2017	8	10	21	23	25	22
9/23/2017	24	45	55	56	57	19
9/20/2017	39	48	53	67	68	26
9/16/2017	17	18	24	25	31	24
9/13/2017	17	24	35	57	63	19
9/9/2017	6	20	29	57	59	22
9/6/2017	8	14	32	58	67	17
9/2/2017	6	21	41	52	62	26
8/30/2017	19	28	43	67	69	7
8/26/2017	7	15	32	38	66	15
8/23/2017	6	7	16	23	26	4
8/19/2017	17	19	39	43	68	13
8/16/2017	9	15	43	60	64	4
8/12/2017	20	24	26	35	49	19
8/9/2017	12	30	36	47	62	9
8/5/2017	11	21	28	33	45	11
8/2/2017	1	16	54	63	69	18
7/29/2017	1	28	40	45	48	12
7/26/2017	7	19	21	42	69	12
7/22/2017	5	32	44	53	60	9
7/19/2017	50	51	59	61	63	4
7/15/2017	9	40	63	64	66	17
7/12/2017	1	2	18	23	61	9
7/8/2017	8	10	29	40	59	26
7/5/2017	4	9	16	54	68	21
7/1/2017	19	42	45	48	53	16
6/28/2017	29	37	46	53	68	8
6/24/2017	10	22	32	36	58	10
6/21/2017	14	46	61	65	68	13
6/17/2017	10	13	32	53	62	21
6/14/2017	5	22	43	57	63	24
6/10/2017	20	26	32	38	58	3
6/7/2017	5	21	57	66	69	13
6/3/2017	3	9	21	41	54	25
5/31/2017	4	33	39	46	60	6
5/27/2017	5	10	28	55	67	9
5/24/2017	28	32	33	38	62	15
5/20/2017	5	22	45	47	54	3
5/17/2017	4	11	39	45	48	9
5/13/2017	17	20	32	63	68	19
5/10/2017	29	31	46	56	62	8
5/6/2017	11	21	31	41	59	21
5/3/2017	17	18	49	59	66	9
4/29/2017	22	23	24	45	62	5
4/26/2017	1	15	18	26	51	26
4/22/2017	21	39	41	48	63	6
4/19/2017	1	19	37	40	52	15
4/15/2017	5	22	26	45	61	13
4/12/2017	8	14	61	63	68	24
4/8/2017	23	36	51	53	60	15
4/5/2017	8	20	46	53	54	13
4/1/2017	9	32	36	44	65	1
3/29/2017	8	15	31	36	62	11
3/25/2017	18	31	32	45	48	16
3/22/2017	2	9	27	29	42	9
3/18/2017	13	25	44	54	67	5
3/15/2017	16	30	41	48	53	16
3/11/2017	1	26	41	50	57	11
3/8/2017	23	33	42	46	59	4
3/4/2017	2	18	19	22	63	19
3/1/2017	10	16	40	52	55	17
2/25/2017	6	32	47	62	65	19
2/22/2017	10	13	28	52	61	2
2/18/2017	3	7	9	31	33	20
2/15/2017	5	28	33	38	42	19
2/11/2017	5	9	17	37	64	2
2/8/2017	14	20	42	49	66	5
2/4/2017	6	13	16	17	52	25
2/1/2017	9	43	57	60	64	10
1/28/2017	12	20	39	49	69	17
1/25/2017	18	28	62	66	68	22
1/21/2017	23	25	45	52	67	2
1/18/2017	9	40	41	53	58	12
1/14/2017	23	55	59	64	69	13
1/11/2017	1	3	13	16	43	24
1/7/2017	3	12	24	37	63	10
1/4/2017	16	17	29	41	42	4
12/31/2016	1	3	28	57	67	9
12/28/2016	16	23	30	44	58	4
12/24/2016	28	38	42	51	52	21
12/21/2016	25	33	40	54	68	3
12/17/2016	1	8	16	40	48	10
12/14/2016	18	26	37	39	66	15
12/10/2016	12	21	32	44	66	15
12/7/2016	41	48	49	53	64	20
12/3/2016	8	10	26	27	33	22
11/30/2016	3	14	18	25	45	7
11/26/2016	17	19	21	37	44	16
11/23/2016	7	32	41	47	61	3
11/19/2016	16	24	28	43	61	21
11/16/2016	28	41	61	63	65	7
11/12/2016	8	17	20	27	52	24
11/9/2016	1	25	28	31	54	2
11/5/2016	21	31	50	51	69	8
11/2/2016	13	18	37	54	61	5
10/29/2016	19	20	21	42	48	23
10/26/2016	2	3	16	48	56	24
10/22/2016	1	28	33	55	56	22
10/19/2016	10	16	38	43	63	23
10/15/2016	23	49	57	64	67	20
10/12/2016	16	30	34	37	44	16
10/8/2016	3	54	61	64	68	9
10/5/2016	8	18	27	29	60	15
10/1/2016	2	12	50	61	64	1
9/28/2016	30	38	52	53	62	1
9/24/2016	7	15	20	29	41	22
9/21/2016	1	28	63	67	69	17
9/17/2016	9	19	51	55	62	14
9/14/2016	10	11	23	28	31	14
9/10/2016	3	17	49	55	68	8
9/7/2016	22	23	29	33	55	21
9/3/2016	7	39	50	59	67	25
8/31/2016	5	10	24	56	61	12
8/27/2016	4	32	48	49	63	20
8/24/2016	9	11	25	64	65	16
8/20/2016	3	6	21	60	68	24
8/17/2016	33	44	49	50	52	8
8/13/2016	38	44	60	64	69	6
8/10/2016	23	56	61	64	67	12
8/6/2016	20	33	36	47	52	12
8/3/2016	9	11	27	66	67	2
7/30/2016	11	17	21	23	32	5
7/27/2016	10	47	50	65	68	24
7/23/2016	5	7	23	35	39	11
7/20/2016	6	25	35	58	66	5
7/16/2016	11	17	40	50	62	26
7/13/2016	3	15	29	54	57	10
7/9/2016	10	28	32	61	64	12
7/6/2016	2	24	31	57	66	18
7/2/2016	10	34	39	59	63	4
6/29/2016	23	29	37	60	64	6
6/25/2016	3	27	36	56	69	25
6/22/2016	14	40	42	43	52	17
6/18/2016	2	23	41	53	63	11
6/15/2016	4	22	24	31	33	10
6/11/2016	20	27	36	41	58	7
6/8/2016	12	25	37	60	69	20
6/4/2016	16	20	22	43	64	17
6/1/2016	23	30	33	40	69	12
5/28/2016	6	33	34	58	59	12
5/25/2016	11	24	41	59	64	15
5/21/2016	5	7	9	23	32	26
5/18/2016	23	25	39	54	67	11
5/14/2016	13	27	47	64	65	9
5/11/2016	20	32	52	66	69	23
5/7/2016	5	25	26	44	66	9
5/4/2016	30	47	57	66	69	3
4/30/2016	3	12	16	32	34	14
4/27/2016	2	25	33	39	64	17
4/23/2016	19	35	46	59	62	13
4/20/2016	12	25	30	52	62	8
4/16/2016	3	18	25	32	51	3
4/13/2016	30	33	35	38	64	22
4/9/2016	14	22	23	41	61	9
4/6/2016	4	28	49	60	65	25
4/2/2016	9	28	30	40	61	3
3/30/2016	24	44	53	55	63	19
3/26/2016	11	23	42	52	68	6
3/23/2016	5	8	15	22	49	25
3/19/2016	11	23	43	54	60	3
3/16/2016	10	12	13	46	50	21
3/12/2016	11	28	50	57	62	23
3/9/2016	14	23	32	34	68	3
3/5/2016	3	27	34	59	69	19
3/2/2016	12	13	44	52	62	6
2/27/2016	10	11	21	22	53	18
2/24/2016	21	31	64	65	67	5
2/20/2016	11	12	15	16	54	25
2/17/2016	7	17	27	29	40	25
2/13/2016	7	15	18	19	36	20
2/10/2016	2	3	40	50	62	5
2/6/2016	4	13	31	36	52	8
2/3/2016	26	28	31	60	67	23
1/30/2016	5	12	16	31	43	18
1/27/2016	3	12	40	52	67	21
1/23/2016	22	32	34	40	69	19
1/20/2016	5	39	44	47	69	24
1/16/2016	3	51	52	61	64	6
1/13/2016	4	8	19	27	34	10
1/9/2016	16	19	32	34	57	13
1/6/2016	2	11	47	62	63	17
1/2/2016	5	6	15	29	42	10
12/30/2015	12	36	38	54	61	22
12/26/2015	27	40	44	59	65	20
12/23/2015	16	38	55	63	67	25
12/19/2015	28	30	41	59	68	10
12/16/2015	9	10	32	42	55	6
12/12/2015	2	14	19	30	62	22
12/9/2015	7	10	16	46	56	1
12/5/2015	13	27	33	47	68	13
12/2/2015	14	18	19	32	64	9
11/28/2015	2	6	47	66	67	2
11/25/2015	16	29	53	58	69	21
11/21/2015	37	47	50	52	57	21
11/18/2015	17	40	41	46	69	6
11/14/2015	14	22	37	45	66	5
11/11/2015	4	26	32	55	64	18
11/7/2015	7	16	25	50	53	15
11/4/2015	2	12	17	20	65	17
10/31/2015	9	20	25	47	68	7
10/28/2015	4	54	56	62	63	10
10/24/2015	20	31	56	60	64	2
10/21/2015	30	32	42	56	57	11
10/17/2015	48	49	57	62	69	19
10/14/2015	15	20	29	31	40	1
10/10/2015	12	27	29	43	68	1
10/7/2015	18	30	40	48	52	9
10/3/2015	6	26	33	44	46	4
9/30/2015	21	39	40	55	59	17
9/26/2015	23	31	42	50	57	5
9/23/2015	8	29	41	51	58	5
9/19/2015	12	17	26	43	48	24
9/16/2015	5	7	24	31	39	7
9/12/2015	2	3	13	16	35	27
9/9/2015	44	45	47	50	51	8
9/5/2015	10	16	18	29	45	19
9/2/2015	17	22	30	46	56	16
8/29/2015	18	21	25	28	29	16
8/26/2015	2	22	32	45	56	12
8/22/2015	4	12	14	21	55	7
8/19/2015	6	8	43	48	50	7
8/15/2015	3	13	17	42	52	24
8/12/2015	8	13	29	38	52	28
8/8/2015	9	34	48	52	54	15
8/5/2015	9	11	14	16	42	19
8/1/2015	7	13	24	49	57	15
7/29/2015	4	22	27	28	52	35
7/25/2015	27	29	34	41	44	2
7/22/2015	12	31	43	44	57	11
7/18/2015	6	37	39	45	55	33
7/15/2015	13	16	34	45	50	11
7/11/2015	11	39	46	52	54	3
7/8/2015	4	15	25	27	30	18
7/4/2015	3	6	14	18	24	21
7/1/2015	7	24	26	31	41	25
6/27/2015	18	28	35	46	49	27
6/24/2015	3	5	10	22	32	7
6/20/2015	9	10	16	20	57	15
6/17/2015	20	21	22	41	54	7
6/13/2015	29	41	48	52	54	29
6/10/2015	31	32	48	49	53	25
6/6/2015	8	13	18	27	43	15
6/3/2015	6	8	13	37	40	11
5/30/2015	8	9	25	56	57	22
5/27/2015	8	15	34	53	59	23
5/23/2015	9	15	17	31	43	16
5/20/2015	1	12	28	35	44	25
5/16/2015	24	29	38	48	52	32
5/13/2015	1	25	29	31	47	7
5/9/2015	4	15	17	35	58	17
5/6/2015	23	24	27	39	41	30
5/2/2015	2	6	11	30	31	33
4/29/2015	1	26	34	38	51	6
4/25/2015	21	33	35	38	45	12
4/22/2015	10	14	25	39	53	18
4/18/2015	13	22	23	29	31	17
4/15/2015	1	16	21	29	40	30
4/11/2015	1	12	32	42	58	12
4/8/2015	1	19	45	46	58	29
4/4/2015	33	39	40	41	54	28
4/1/2015	2	30	33	39	44	1
3/28/2015	2	4	6	12	38	17
3/25/2015	7	19	23	50	54	14
3/21/2015	11	16	30	38	42	7
3/18/2015	14	25	30	33	47	8
3/14/2015	8	14	39	46	47	18
3/11/2015	11	24	31	40	44	27
3/7/2015	34	36	38	42	50	33
3/4/2015	8	12	15	35	50	32
2/28/2015	11	17	25	28	46	12
2/25/2015	17	19	21	32	39	8
2/21/2015	10	14	18	34	51	26
2/18/2015	1	9	29	32	49	22
2/14/2015	1	24	44	45	51	28
2/11/2015	11	13	25	39	54	19
2/7/2015	5	10	21	34	58	33
2/4/2015	24	36	51	52	56	22
1/31/2015	5	11	16	26	50	34
1/28/2015	12	24	35	36	49	1
1/24/2015	16	19	20	29	33	10
1/21/2015	11	12	15	28	57	23
1/17/2015	15	16	23	27	36	9
1/14/2015	2	4	10	41	53	22
1/10/2015	2	9	19	28	29	19
1/7/2015	14	15	47	49	59	10
1/3/2015	4	18	43	46	55	25
12/31/2014	17	27	37	40	53	35
12/27/2014	7	10	11	14	36	15
12/24/2014	11	12	46	47	50	22
12/20/2014	14	15	19	31	56	5
12/17/2014	22	31	38	47	48	15
12/13/2014	5	13	28	43	55	33
12/10/2014	34	44	48	54	55	10
12/6/2014	12	15	22	43	49	14
12/3/2014	25	30	32	46	54	26
11/29/2014	13	24	30	42	48	27
11/26/2014	16	17	22	46	54	35
11/22/2014	23	49	53	54	57	35
11/19/2014	6	36	38	48	51	17
11/15/2014	13	16	33	35	51	28
11/12/2014	37	39	51	52	55	11
11/8/2014	9	19	33	38	54	15
11/5/2014	2	11	19	21	42	34
11/1/2014	1	3	13	25	38	17
10/29/2014	25	28	48	57	59	16
10/25/2014	6	10	51	54	57	12
10/22/2014	29	30	40	42	50	16
10/18/2014	20	26	27	36	54	19
10/15/2014	5	7	19	27	28	20
10/11/2014	10	19	37	38	39	28
10/8/2014	5	16	31	46	50	18
10/4/2014	13	18	24	25	33	31
10/1/2014	1	4	18	20	45	7
9/27/2014	2	11	35	52	54	13
9/24/2014	7	14	21	24	41	26
9/20/2014	22	23	30	37	39	16
9/17/2014	18	25	36	48	50	23
9/13/2014	1	6	16	37	53	27
9/10/2014	2	14	39	40	43	13
9/6/2014	9	29	31	43	50	18
9/3/2014	2	16	43	45	51	35
8/30/2014	5	28	31	52	59	27
8/27/2014	17	24	26	45	46	19
8/23/2014	28	32	35	36	52	31
8/20/2014	4	8	21	38	40	3
8/16/2014	7	8	17	48	59	9
8/13/2014	8	37	39	40	52	24
8/9/2014	3	12	31	34	51	24
8/6/2014	1	8	24	28	49	24
8/2/2014	12	26	44	46	47	29
7/30/2014	13	30	42	49	53	29
7/26/2014	24	28	30	38	39	16
7/23/2014	4	10	12	22	31	3
7/19/2014	10	17	25	45	53	9
7/16/2014	5	15	18	26	32	35
7/12/2014	2	3	7	23	51	26
7/9/2014	9	25	42	55	57	14
7/5/2014	24	34	36	57	58	11
7/2/2014	8	18	45	53	58	35
6/28/2014	8	12	34	43	56	9
6/25/2014	10	20	25	50	53	35
6/21/2014	5	6	37	41	54	26
6/18/2014	6	9	29	52	59	7
6/14/2014	9	33	42	45	54	30
6/11/2014	14	18	25	33	49	23
6/7/2014	28	30	35	58	59	15
6/4/2014	1	7	10	22	49	24
5/31/2014	15	27	31	34	48	1
5/28/2014	2	24	28	32	59	25
5/24/2014	15	16	28	49	55	18
5/21/2014	4	20	34	39	58	31
5/17/2014	23	32	39	47	49	22
5/14/2014	7	33	39	52	55	33
5/10/2014	4	31	41	47	55	1
5/7/2014	17	29	31	48	49	34
5/3/2014	5	15	16	46	49	26
4/30/2014	2	9	11	19	50	32
4/26/2014	3	7	22	30	33	20
4/23/2014	19	25	29	36	48	12
4/19/2014	5	6	29	35	51	21
4/16/2014	34	39	42	44	59	8
4/12/2014	14	26	45	54	55	20
4/9/2014	9	14	44	48	49	29
4/5/2014	11	21	26	33	34	29
4/2/2014	8	13	19	22	53	24
3/29/2014	2	3	12	27	38	17
3/26/2014	28	33	41	44	59	21
3/22/2014	13	28	31	55	58	15
3/19/2014	2	19	23	34	43	14
3/15/2014	2	5	34	51	58	9
3/12/2014	14	15	28	37	54	10
3/8/2014	10	14	24	32	41	30
3/5/2014	3	7	9	26	54	19
3/1/2014	3	8	25	30	47	13
2/26/2014	11	12	17	38	42	2
2/22/2014	2	3	13	14	54	4
2/19/2014	1	17	35	49	54	34
2/15/2014	2	9	14	21	23	3
2/12/2014	36	44	49	52	57	1
2/8/2014	24	25	34	37	54	29
2/5/2014	8	17	32	57	59	24
2/1/2014	5	12	15	27	38	7
1/29/2014	11	23	28	32	47	20
1/25/2014	8	12	18	55	57	2
1/22/2014	1	2	7	9	55	29
1/18/2014	13	14	19	31	38	25
1/15/2014	7	8	9	24	29	25
1/11/2014	10	15	33	48	54	34
1/8/2014	10	28	39	47	58	22
1/4/2014	19	20	37	41	58	14
1/1/2014	15	24	40	48	52	23
12/28/2013	8	35	44	51	56	18
12/25/2013	23	28	38	39	56	32
12/21/2013	25	36	40	45	51	8
12/18/2013	7	24	37	39	40	1
12/14/2013	14	25	32	33	41	34
12/11/2013	1	10	13	18	19	27
12/7/2013	13	20	32	45	48	17
12/4/2013	6	9	11	31	44	25
11/30/2013	5	26	44	45	57	29
11/27/2013	18	25	50	55	57	17
11/23/2013	5	12	43	52	55	10
11/20/2013	4	18	23	32	45	7
11/16/2013	10	29	37	44	59	10
11/13/2013	5	31	50	55	56	9
11/9/2013	3	9	37	49	56	32
11/6/2013	1	5	10	15	49	22
11/2/2013	13	23	24	27	40	17
10/30/2013	2	36	40	49	54	10
10/26/2013	4	6	34	49	56	29
10/23/2013	3	23	31	34	47	13
10/19/2013	9	33	54	56	57	5
10/16/2013	3	26	28	34	42	28
10/12/2013	8	10	26	57	58	4
10/9/2013	3	9	19	33	38	18
10/5/2013	11	12	17	39	40	5
10/2/2013	4	6	25	42	51	17
9/28/2013	14	47	52	53	54	5
9/25/2013	2	7	17	49	53	23
9/21/2013	12	17	45	54	58	13
9/18/2013	7	10	22	32	35	19
9/14/2013	1	17	25	37	44	20
9/11/2013	11	19	33	42	52	33
9/7/2013	2	19	22	26	45	24
9/4/2013	2	9	26	45	47	11
8/31/2013	2	7	25	40	56	20
8/28/2013	6	7	9	19	32	13
8/24/2013	12	17	25	45	59	19
8/21/2013	30	40	42	46	48	23
8/17/2013	18	21	46	54	56	23
8/14/2013	4	11	17	43	51	20
8/10/2013	4	12	14	37	58	13
8/7/2013	5	25	30	58	59	32
8/3/2013	21	24	36	42	45	15
7/31/2013	8	24	39	49	59	5
7/27/2013	9	23	40	53	58	6
7/24/2013	9	29	40	44	54	7
7/20/2013	14	25	27	38	58	6
7/17/2013	1	22	34	38	42	17
7/13/2013	2	8	22	35	37	6
7/10/2013	30	31	45	55	59	27
7/6/2013	2	13	35	36	52	11
7/3/2013	3	6	29	40	51	4
6/29/2013	8	28	30	53	56	16
6/26/2013	1	18	33	39	46	33
6/22/2013	13	19	23	33	57	28
6/19/2013	7	46	47	52	57	17
6/15/2013	28	36	40	48	55	1
6/12/2013	16	22	23	42	55	32
6/8/2013	2	11	22	26	32	19
6/5/2013	4	26	33	36	55	32
6/1/2013	22	28	33	53	59	14
5/29/2013	9	14	17	49	57	2
5/25/2013	2	6	19	21	27	25
5/22/2013	9	31	35	41	57	26
5/18/2013	10	13	14	22	52	11
5/15/2013	2	11	26	34	41	32
5/11/2013	6	13	19	23	43	16
5/8/2013	21	22	26	30	57	27
5/4/2013	7	12	26	36	40	17
5/1/2013	22	26	31	54	55	18
4/27/2013	3	23	48	54	55	5
4/24/2013	9	19	31	56	59	2
4/20/2013	6	8	30	39	48	20
4/17/2013	13	18	36	48	58	28
4/13/2013	10	12	31	56	57	33
4/10/2013	1	36	40	52	53	20
4/6/2013	4	7	8	29	39	24
4/3/2013	1	6	8	12	35	3
3/30/2013	11	23	26	46	55	27
3/27/2013	7	37	43	48	52	16
3/23/2013	17	29	31	52	53	31
3/20/2013	13	14	17	43	54	15
3/16/2013	3	7	21	44	53	16
3/13/2013	5	9	28	32	38	29
3/9/2013	10	37	40	46	52	12
3/6/2013	6	10	23	41	45	1
3/2/2013	3	8	13	41	56	16
2/27/2013	3	14	20	34	48	21
2/23/2013	2	5	31	39	41	29
2/20/2013	3	17	19	25	32	17
2/16/2013	15	16	46	50	58	29
2/13/2013	12	23	25	27	43	29
2/9/2013	5	6	16	36	58	3
2/6/2013	5	27	36	38	41	12
2/2/2013	11	16	33	40	41	34
1/30/2013	14	16	32	47	52	16
1/26/2013	3	22	26	41	49	18
1/23/2013	11	12	24	43	45	9
1/19/2013	8	28	29	34	38	35
1/16/2013	9	21	28	32	51	35
1/12/2013	10	14	21	23	47	7
1/9/2013	11	13	20	27	59	26
1/5/2013	26	30	49	51	54	25
1/2/2013	18	20	28	35	53	20
12/29/2012	36	46	50	52	55	14
12/26/2012	11	13	23	43	54	4
12/22/2012	1	18	35	39	44	11
12/19/2012	5	8	20	23	30	3
12/15/2012	15	23	40	44	55	14
12/12/2012	8	10	25	36	44	28
12/8/2012	7	23	26	40	53	21
12/5/2012	13	17	19	27	38	12
12/1/2012	3	10	19	36	46	3
11/28/2012	5	16	22	23	29	6
11/24/2012	22	32	37	44	50	34
11/21/2012	8	18	24	30	39	26
11/17/2012	3	15	27	58	59	20
11/14/2012	8	10	30	44	58	13
11/10/2012	32	42	50	54	55	32
11/7/2012	32	34	45	52	58	20
11/3/2012	4	7	9	30	54	25
10/31/2012	1	27	31	45	48	5
10/27/2012	22	32	34	36	56	33
10/24/2012	3	18	21	23	50	4
10/20/2012	4	21	28	31	44	10
10/17/2012	1	7	10	23	42	35
10/13/2012	2	5	25	26	49	18
10/10/2012	18	26	29	35	43	28
10/6/2012	15	26	34	36	59	35
10/3/2012	17	23	36	55	59	10
9/29/2012	14	18	28	29	57	8
9/26/2012	13	26	39	41	42	10
9/22/2012	2	16	18	40	42	33
9/19/2012	1	5	8	39	50	23
9/15/2012	3	20	26	43	48	1
9/12/2012	24	33	36	48	56	6
9/8/2012	6	20	34	44	48	29
9/5/2012	4	19	26	42	51	29
9/1/2012	8	11	21	44	49	22
8/29/2012	25	28	49	54	56	28
8/25/2012	1	6	7	20	49	23
8/22/2012	22	29	31	47	55	19
8/18/2012	14	26	41	55	59	1
8/15/2012	6	27	46	51	56	21
8/11/2012	4	13	39	46	51	1
8/8/2012	3	7	11	15	28	12
8/4/2012	19	30	48	53	55	18
8/1/2012	3	16	48	56	58	4
7/28/2012	5	6	13	36	50	13
7/25/2012	3	14	35	38	46	16
7/21/2012	9	31	38	54	56	20
7/18/2012	2	5	20	23	57	3
7/14/2012	4	16	32	37	46	13
7/11/2012	5	22	36	49	55	23
7/7/2012	3	5	29	39	59	29
7/4/2012	14	19	35	39	56	33
6/30/2012	7	15	20	41	44	22
6/27/2012	6	34	40	46	58	6
6/23/2012	1	3	41	44	53	30
6/20/2012	11	17	29	56	57	14
6/16/2012	8	14	15	16	27	26
6/13/2012	7	10	14	33	57	18
6/9/2012	18	22	45	56	57	27
6/6/2012	19	30	33	48	59	27
6/2/2012	9	10	17	29	45	33
5/30/2012	9	10	24	52	56	14
5/26/2012	13	14	41	49	59	14
5/23/2012	4	7	26	53	59	32
5/19/2012	8	13	35	46	51	30
5/16/2012	3	7	21	28	43	2
5/12/2012	10	24	35	53	58	22
5/9/2012	1	7	11	55	56	1
5/5/2012	9	12	20	44	59	23
5/2/2012	7	8	33	38	50	29
4/28/2012	31	39	40	57	58	33
4/25/2012	4	25	29	34	43	29
4/21/2012	6	8	20	42	51	16
4/18/2012	20	22	39	46	49	29
4/14/2012	14	15	16	19	24	2
4/11/2012	16	23	42	44	47	2
4/7/2012	5	13	17	20	30	18
4/4/2012	1	24	33	45	49	6
3/31/2012	5	14	36	54	58	27
3/28/2012	11	16	29	50	58	33
3/24/2012	1	15	35	37	47	8
3/21/2012	32	43	53	55	56	6
3/17/2012	11	14	49	55	58	30
3/14/2012	1	8	41	46	59	24
3/10/2012	5	14	17	20	41	5
3/7/2012	12	35	45	46	47	12
3/3/2012	29	30	45	47	49	35
2/29/2012	1	4	11	23	26	14
2/25/2012	6	11	42	53	54	7
2/22/2012	7	16	17	39	51	32
2/18/2012	23	28	50	56	59	5
2/15/2012	11	12	32	52	56	11
2/11/2012	1	10	37	52	57	11
2/8/2012	17	28	38	39	51	33
2/4/2012	15	23	43	45	56	7
2/1/2012	8	13	17	34	59	35
1/28/2012	5	33	41	54	59	13
1/25/2012	4	19	28	29	47	5
1/21/2012	12	24	43	44	45	7
1/18/2012	6	29	34	44	50	28
1/14/2012	10	30	36	38	41	1
1/11/2012	5	19	29	45	47	25
1/7/2012	3	21	24	38	39	24
1/4/2012	21	35	46	47	50	2
12/31/2011	5	23	25	28	40	34
12/28/2011	16	21	27	41	45	14
12/24/2011	14	16	30	51	52	19
12/21/2011	10	13	15	31	54	18
12/17/2011	13	28	49	51	59	33
12/14/2011	2	24	46	52	56	19
12/10/2011	4	19	33	41	59	9
12/7/2011	3	14	20	39	40	37
12/3/2011	5	18	33	43	45	8
11/30/2011	2	6	34	35	47	22
11/26/2011	20	37	39	45	55	28
11/23/2011	4	30	35	57	59	25
11/19/2011	9	16	17	28	30	11
11/16/2011	13	22	25	39	51	28
11/12/2011	4	35	36	51	56	8
11/9/2011	5	35	57	58	59	12
11/5/2011	2	33	39	40	43	26
11/2/2011	12	14	34	39	46	36
10/29/2011	11	16	40	51	56	38
10/26/2011	1	18	21	39	55	6
10/22/2011	3	8	23	30	58	13
10/19/2011	16	26	35	52	58	2
10/15/2011	5	10	24	38	43	1
10/12/2011	10	12	23	43	47	18
10/8/2011	3	27	35	37	45	31
10/5/2011	7	20	43	46	54	17
10/1/2011	1	12	23	27	43	31
9/28/2011	30	41	50	51	53	8
9/24/2011	3	4	12	27	44	26
9/21/2011	12	47	48	52	55	13
9/17/2011	6	20	22	32	43	11
9/14/2011	16	41	42	50	59	5
9/10/2011	4	19	22	32	53	24
9/7/2011	3	5	18	27	54	13
9/3/2011	15	25	52	53	54	2
8/31/2011	13	19	35	47	57	29
8/27/2011	2	12	25	54	58	14
8/24/2011	9	13	47	49	53	39
8/20/2011	2	17	23	28	47	36
8/17/2011	18	28	31	48	52	37
8/13/2011	9	12	35	50	58	4
8/10/2011	11	18	36	41	46	38
8/6/2011	25	30	54	57	59	6
8/3/2011	13	19	21	28	49	11
7/30/2011	20	40	41	47	55	19
7/27/2011	38	40	41	51	59	33
7/23/2011	1	7	27	38	48	30
7/20/2011	1	4	38	40	42	17
7/16/2011	24	28	48	50	54	25
7/13/2011	8	18	19	32	54	8
7/9/2011	1	9	11	23	31	6
7/6/2011	11	15	24	50	55	8
7/2/2011	1	11	18	29	51	32
6/29/2011	24	30	45	57	59	26
6/25/2011	18	36	39	41	57	12
6/22/2011	12	15	19	46	59	12
6/18/2011	12	21	22	38	41	18
6/15/2011	19	20	38	41	43	29
6/11/2011	16	18	27	36	50	8
6/8/2011	14	37	44	45	53	29
6/4/2011	17	19	39	41	58	21
6/1/2011	8	18	38	46	56	31
5/28/2011	12	20	43	51	55	11
5/25/2011	4	23	31	42	50	23
5/21/2011	2	8	40	49	50	36
5/18/2011	7	12	13	42	49	16
5/14/2011	8	17	18	40	44	16
5/11/2011	9	17	32	43	45	31
5/7/2011	2	11	27	47	55	15
5/4/2011	3	15	27	29	41	24
4/30/2011	6	13	15	32	41	3
4/27/2011	4	24	40	44	55	5
4/23/2011	3	11	47	48	58	19
4/20/2011	9	24	34	36	43	27
4/16/2011	21	33	44	45	55	7
4/13/2011	4	23	39	49	50	39
4/9/2011	5	14	32	53	56	11
4/6/2011	10	18	41	55	56	15
4/2/2011	6	22	34	43	45	23
3/30/2011	19	20	42	56	58	37
3/26/2011	4	10	11	19	33	27
3/23/2011	5	15	26	28	32	9
3/19/2011	3	11	20	27	46	8
3/16/2011	28	39	40	48	53	9
3/12/2011	1	4	12	41	47	3
3/9/2011	12	20	28	40	48	8
3/5/2011	2	23	31	42	48	21
3/2/2011	7	31	50	51	58	6
2/26/2011	4	13	17	21	45	10
2/23/2011	29	32	36	39	49	29
2/19/2011	3	12	34	37	42	36
2/16/2011	9	13	21	23	48	24
2/12/2011	11	32	36	48	52	19
2/9/2011	7	11	39	42	51	30
2/5/2011	15	37	41	56	59	5
2/2/2011	3	14	33	53	57	36
1/29/2011	24	28	45	49	52	2
1/26/2011	4	5	36	47	58	6
1/22/2011	30	31	34	45	51	23
1/19/2011	22	36	51	56	59	32
1/15/2011	9	13	22	23	37	31
1/12/2011	19	21	23	40	48	27
1/8/2011	6	7	26	33	52	24
1/5/2011	22	26	32	38	40	7
1/1/2011	18	22	37	47	54	36
12/29/2010	3	16	18	20	37	30
12/25/2010	1	17	38	50	52	24
12/22/2010	11	33	44	46	47	12
12/18/2010	4	11	19	33	43	14
12/15/2010	10	11	18	32	45	18
12/11/2010	1	8	10	19	20	23
12/8/2010	8	11	25	41	58	16
12/4/2010	13	24	27	31	42	22
12/1/2010	5	10	11	12	20	2
11/27/2010	10	30	37	47	54	39
11/24/2010	8	20	21	32	37	4
11/20/2010	10	12	38	53	57	1
11/17/2010	14	16	53	54	59	5
11/13/2010	17	30	48	51	54	29
11/10/2010	5	8	11	40	44	10
11/6/2010	7	12	23	34	38	33
11/3/2010	34	38	39	45	50	33
10/30/2010	1	7	27	36	49	39
10/27/2010	20	24	25	53	59	15
10/23/2010	2	7	16	20	46	34
10/20/2010	7	17	20	39	59	17
10/16/2010	11	12	15	16	28	11
10/13/2010	12	22	32	34	46	2
10/9/2010	2	6	32	42	49	35
10/6/2010	14	26	37	41	46	24
10/2/2010	12	20	30	36	47	25
9/29/2010	13	44	51	52	55	30
9/25/2010	8	16	27	35	42	30
9/22/2010	10	24	36	52	55	15
9/18/2010	1	18	37	39	44	13
9/15/2010	7	20	21	34	43	34
9/11/2010	7	17	20	36	59	33
9/8/2010	10	35	39	51	57	20
9/4/2010	11	14	22	33	42	38
9/1/2010	17	20	21	40	51	19
8/28/2010	4	22	27	32	56	13
8/25/2010	16	17	29	31	36	23
8/21/2010	7	10	12	22	27	26
8/18/2010	4	32	33	47	55	39
8/14/2010	9	33	36	50	58	31
8/11/2010	7	10	22	23	52	29
8/7/2010	4	22	26	31	52	30
8/4/2010	19	28	30	37	53	36
7/31/2010	1	16	17	41	57	15
7/28/2010	1	11	20	25	27	2
7/24/2010	20	30	38	46	59	27
7/21/2010	16	22	30	51	58	25
7/17/2010	22	27	35	37	45	3
7/14/2010	20	21	23	38	42	6
7/10/2010	20	21	27	28	56	4
7/7/2010	10	41	44	48	56	4
7/3/2010	3	10	14	52	53	3
6/30/2010	6	38	43	47	48	27
6/26/2010	13	30	32	38	57	25
6/23/2010	11	30	45	47	48	10
6/19/2010	9	30	31	50	54	39
6/16/2010	8	11	18	29	36	6
6/12/2010	9	12	13	35	38	30
6/9/2010	14	22	27	32	49	5
6/5/2010	18	34	40	48	59	25
6/2/2010	4	9	14	39	43	38
5/29/2010	1	3	24	28	41	10
5/26/2010	1	6	10	13	20	32
5/22/2010	19	20	40	47	57	29
5/19/2010	2	7	29	55	58	27
5/15/2010	15	21	23	28	36	20
5/12/2010	37	51	52	53	58	38
5/8/2010	5	22	34	41	57	31
5/5/2010	13	34	40	47	57	11
5/1/2010	16	23	25	49	58	20
4/28/2010	12	22	25	28	44	24
4/24/2010	1	12	53	56	57	5
4/21/2010	11	34	41	49	55	20
4/17/2010	5	21	22	41	49	15
4/14/2010	6	14	32	38	52	20
4/10/2010	21	22	49	52	58	34
4/7/2010	4	36	40	44	52	33
4/3/2010	10	15	31	52	59	4
3/31/2010	5	13	17	45	54	12
3/27/2010	7	21	32	44	52	10
3/24/2010	14	20	24	39	49	7
3/20/2010	9	36	39	44	45	9
3/17/2010	24	26	45	48	55	8
3/13/2010	6	16	20	31	36	8
3/10/2010	17	21	37	41	50	1
3/6/2010	10	29	33	41	59	15
3/3/2010	7	9	14	45	49	23
2/27/2010	18	47	51	53	58	30
2/24/2010	4	17	35	50	57	12
2/20/2010	13	27	37	41	54	32
2/17/2010	7	8	19	26	36	15
2/13/2010	10	14	30	40	51	1
2/10/2010	5	8	29	37	38	34
2/6/2010	14	22	52	54	59	4
2/3/2010	17	22	36	37	52	24
